LKDS-00001.mhd-1 1 162.0 195.0 144.0
LKDS-00003.mhd-1 2 165.0 163.0 289.0
LKDS-00003.mhd-2 2 151.0 287.0 293.0
LKDS-00004.mhd-1 1 155.0 324.0 144.0
LKDS-00005.mhd-1 1 35.0 249.0 149.0
LKDS-00007.mhd-1 0 205.0 355.0 91.0
LKDS-00011.mhd-1 1 354.0 396.0 137.0
LKDS-00013.mhd-1 1 218.0 325.0 131.0
LKDS-00015.mhd-1 0 198.0 355.0 28.0
LKDS-00016.mhd-1 1 111.0 214.0 134.0
LKDS-00016.mhd-2 1 425.0 248.0 198.0
LKDS-00016.mhd-3 1 400.0 267.0 229.0
LKDS-00019.mhd-1 0 163.0 119.0 99.0
LKDS-00019.mhd-2 1 351.0 235.0 211.0
LKDS-00020.mhd-1 0 357.0 317.0 106.0
LKDS-00020.mhd-2 0 167.0 160.0 111.0
LKDS-00020.mhd-3 0 118.0 346.0 116.0
LKDS-00020.mhd-4 1 88.0 288.0 133.0
LKDS-00020.mhd-5 1 113.0 172.0 145.0
LKDS-00020.mhd-6 1 433.0 332.0 168.0
LKDS-00020.mhd-7 0 147.0 272.0 39.0
LKDS-00020.mhd-8 0 413.0 257.0 82.0
LKDS-00020.mhd-9 0 375.0 247.0 84.0
LKDS-00020.mhd-10 0 391.0 218.0 88.0
LKDS-00020.mhd-11 0 125.0 227.0 90.0
LKDS-00021.mhd-1 2 104.0 318.0 304.0
LKDS-00023.mhd-1 1 89.0 312.0 142.0
LKDS-00023.mhd-2 1 357.0 354.0 153.0
LKDS-00025.mhd-1 0 111.0 284.0 79.0
LKDS-00026.mhd-1 1 412.0 130.0 192.0
LKDS-00026.mhd-2 2 427.0 313.0 289.0
LKDS-00028.mhd-1 0 59.0 294.0 94.0
LKDS-00029.mhd-1 1 427.0 317.0 170.0
LKDS-00030.mhd-1 1 161.0 164.0 141.0
LKDS-00034.mhd-1 0 113.0 170.0 119.0
LKDS-00035.mhd-1 0 360.0 224.0 55.0
LKDS-00035.mhd-2 0 361.0 224.0 56.0
LKDS-00036.mhd-1 1 94.0 176.0 186.0
LKDS-00038.mhd-1 1 430.0 152.0 159.0
LKDS-00039.mhd-1 0 348.0 232.0 84.0
LKDS-00039.mhd-2 1 158.0 309.0 229.0
LKDS-00040.mhd-1 1 376.0 319.0 165.0
LKDS-00041.mhd-1 1 181.0 319.0 148.0
LKDS-00042.mhd-1 2 410.0 215.0 281.0
LKDS-00043.mhd-1 0 172.0 326.0 94.0
LKDS-00044.mhd-1 1 286.0 302.0 214.0
LKDS-00047.mhd-1 0 111.0 281.0 92.0
LKDS-00047.mhd-2 0 92.0 244.0 98.0
LKDS-00050.mhd-1 1 381.0 381.0 226.0
LKDS-00051.mhd-1 1 146.0 306.0 207.0
LKDS-00052.mhd-1 0 -165.0 -166.0 89.0
LKDS-00052.mhd-2 1 -350.0 -214.0 169.0
LKDS-00052.mhd-3 1 -376.0 -289.0 158.0
LKDS-00052.mhd-4 1 -334.0 -207.0 144.0
LKDS-00052.mhd-5 0 -314.0 -206.0 98.0
LKDS-00052.mhd-6 0 -386.0 -257.0 76.0
LKDS-00053.mhd-1 0 375.0 298.0 111.0
LKDS-00054.mhd-1 0 91.0 176.0 85.0
LKDS-00054.mhd-2 0 378.0 364.0 78.0
LKDS-00054.mhd-3 0 90.0 275.0 77.0
LKDS-00054.mhd-4 0 443.0 250.0 62.0
LKDS-00054.mhd-5 0 402.0 166.0 55.0
LKDS-00058.mhd-1 1 125.0 198.0 202.0
LKDS-00061.mhd-1 1 341.0 349.0 237.0
LKDS-00062.mhd-1 0 91.0 194.0 66.0
LKDS-00062.mhd-2 0 386.0 213.0 60.0
LKDS-00064.mhd-1 3 226.0 316.0 391.0
LKDS-00064.mhd-2 3 221.0 298.0 440.0
LKDS-00065.mhd-1 1 326.0 173.0 184.0
LKDS-00065.mhd-2 1 326.0 174.0 185.0
LKDS-00066.mhd-1 1 397.0 227.0 200.0
LKDS-00068.mhd-1 1 62.0 306.0 239.0
LKDS-00073.mhd-1 1 112.0 363.0 185.0
LKDS-00074.mhd-1 1 203.0 316.0 223.0
LKDS-00075.mhd-1 0 351.0 338.0 76.0
LKDS-00076.mhd-1 0 369.0 313.0 71.0
LKDS-00077.mhd-1 2 368.0 322.0 257.0
LKDS-00078.mhd-1 0 119.0 242.0 124.0
LKDS-00078.mhd-2 0 119.0 261.0 127.0
LKDS-00078.mhd-3 1 144.0 274.0 137.0
LKDS-00078.mhd-4 1 422.0 367.0 224.0
LKDS-00079.mhd-1 0 150.0 276.0 58.0
LKDS-00081.mhd-1 0 368.0 281.0 125.0
LKDS-00083.mhd-1 0 202.0 332.0 111.0
LKDS-00084.mhd-1 1 391.0 378.0 187.0
LKDS-00084.mhd-2 1 388.0 377.0 158.0
LKDS-00085.mhd-1 1 196.0 338.0 138.0
LKDS-00085.mhd-2 1 103.0 325.0 149.0
LKDS-00088.mhd-1 0 160.0 310.0 93.0
LKDS-00089.mhd-1 0 152.0 202.0 83.0
LKDS-00090.mhd-1 0 146.0 234.0 68.0
LKDS-00091.mhd-1 2 405.0 323.0 289.0
LKDS-00092.mhd-1 1 182.0 321.0 148.0
LKDS-00093.mhd-1 0 318.0 295.0 83.0
LKDS-00093.mhd-2 1 128.0 263.0 143.0
LKDS-00095.mhd-1 0 370.0 237.0 116.0
LKDS-00096.mhd-1 0 163.0 279.0 120.0
LKDS-00096.mhd-2 2 419.0 315.0 257.0
LKDS-00096.mhd-3 2 161.0 276.0 281.0
LKDS-00099.mhd-1 0 147.0 307.0 81.0
LKDS-00100.mhd-1 1 155.0 141.0 214.0
LKDS-00101.mhd-1 0 344.0 285.0 37.0
LKDS-00102.mhd-1 1 164.0 202.0 194.0
LKDS-00104.mhd-1 0 445.0 271.0 58.0
LKDS-00104.mhd-2 0 91.0 289.0 73.0
LKDS-00105.mhd-1 0 205.0 249.0 84.0
LKDS-00107.mhd-1 0 317.0 285.0 87.0
LKDS-00108.mhd-1 0 334.0 266.0 92.0
LKDS-00109.mhd-1 0 129.0 266.0 67.0
LKDS-00110.mhd-1 0 161.0 258.0 119.0
LKDS-00111.mhd-1 1 203.0 319.0 250.0
LKDS-00112.mhd-1 0 453.0 273.0 45.0
LKDS-00112.mhd-2 0 463.0 245.0 71.0
LKDS-00114.mhd-1 0 107.0 338.0 57.0
LKDS-00114.mhd-2 0 290.0 283.0 111.0
LKDS-00116.mhd-1 0 57.0 285.0 60.0
LKDS-00117.mhd-1 2 120.0 272.0 294.0
LKDS-00118.mhd-1 1 413.0 298.0 174.0
LKDS-00118.mhd-2 2 136.0 191.0 333.0
LKDS-00119.mhd-1 0 191.0 408.0 109.0
LKDS-00120.mhd-1 1 351.0 367.0 175.0
LKDS-00122.mhd-1 1 112.0 337.0 147.0
LKDS-00126.mhd-1 0 345.0 305.0 83.0
LKDS-00127.mhd-1 2 411.0 259.0 380.0
LKDS-00129.mhd-1 1 88.0 219.0 161.0
LKDS-00129.mhd-2 1 104.0 263.0 169.0
LKDS-00129.mhd-3 1 147.0 340.0 235.0
LKDS-00133.mhd-1 1 306.0 355.0 153.0
LKDS-00134.mhd-1 0 364.0 134.0 52.0
LKDS-00134.mhd-2 0 167.0 167.0 72.0
LKDS-00134.mhd-3 0 353.0 272.0 84.0
LKDS-00135.mhd-1 1 386.0 320.0 188.0
LKDS-00135.mhd-2 1 360.0 300.0 206.0
LKDS-00135.mhd-3 1 343.0 360.0 237.0
LKDS-00136.mhd-1 2 398.0 146.0 290.0
LKDS-00137.mhd-1 3 67.0 238.0 497.0
LKDS-00137.mhd-2 3 66.0 238.0 498.0
LKDS-00140.mhd-1 1 155.0 255.0 190.0
LKDS-00142.mhd-1 0 345.0 316.0 41.0
LKDS-00144.mhd-1 0 142.0 315.0 103.0
LKDS-00147.mhd-1 2 382.0 302.0 262.0
LKDS-00149.mhd-1 1 134.0 222.0 184.0
LKDS-00150.mhd-1 0 317.0 340.0 58.0
LKDS-00151.mhd-1 1 166.0 296.0 200.0
LKDS-00152.mhd-1 0 303.0 314.0 52.0
LKDS-00152.mhd-2 0 164.0 294.0 126.0
LKDS-00154.mhd-1 0 184.0 374.0 43.0
LKDS-00154.mhd-2 0 308.0 329.0 55.0
LKDS-00156.mhd-1 0 133.0 384.0 60.0
LKDS-00160.mhd-1 0 419.0 184.0 82.0
LKDS-00160.mhd-2 0 85.0 198.0 71.0
LKDS-00160.mhd-3 0 157.0 136.0 45.0
LKDS-00160.mhd-4 0 179.0 370.0 52.0
LKDS-00160.mhd-5 0 156.0 261.0 63.0
LKDS-00162.mhd-1 0 162.0 334.0 113.0
LKDS-00165.mhd-1 1 130.0 181.0 165.0
LKDS-00168.mhd-1 2 147.0 279.0 302.0
LKDS-00169.mhd-1 1 162.0 203.0 133.0
LKDS-00171.mhd-1 0 390.0 320.0 111.0
LKDS-00173.mhd-1 2 131.0 289.0 307.0
LKDS-00173.mhd-2 2 158.0 323.0 278.0
LKDS-00175.mhd-1 0 204.0 365.0 97.0
LKDS-00176.mhd-1 0 452.0 199.0 55.0
LKDS-00178.mhd-1 1 167.0 373.0 227.0
LKDS-00178.mhd-2 1 119.0 223.0 242.0
LKDS-00180.mhd-1 1 383.0 231.0 219.0
LKDS-00181.mhd-1 1 408.0 292.0 218.0
LKDS-00183.mhd-1 0 353.0 286.0 33.0
LKDS-00184.mhd-1 1 180.0 341.0 165.0
LKDS-00185.mhd-1 0 310.0 266.0 80.0
LKDS-00187.mhd-1 0 165.0 309.0 79.0
LKDS-00188.mhd-1 0 154.0 328.0 93.0
LKDS-00189.mhd-1 2 399.0 284.0 276.0
LKDS-00191.mhd-1 0 163.0 340.0 43.0
LKDS-00192.mhd-1 0 309.0 292.0 71.0
LKDS-00193.mhd-1 1 363.0 299.0 144.0
LKDS-00194.mhd-1 0 408.0 304.0 123.0
LKDS-00195.mhd-1 1 126.0 279.0 227.0
LKDS-00196.mhd-1 1 157.0 141.0 167.0
LKDS-00198.mhd-1 0 318.0 242.0 47.0
LKDS-00200.mhd-1 0 411.0 261.0 101.0
LKDS-00200.mhd-2 0 322.0 320.0 69.0
LKDS-00203.mhd-1 1 412.0 218.0 183.0
LKDS-00204.mhd-1 0 354.0 247.0 89.0
LKDS-00207.mhd-1 2 409.0 158.0 332.0
LKDS-00212.mhd-1 3 105.0 308.0 417.0
LKDS-00213.mhd-1 0 351.0 252.0 76.0
LKDS-00214.mhd-1 4 366.0 264.0 525.0
LKDS-00216.mhd-1 0 137.0 225.0 117.0
LKDS-00217.mhd-1 0 148.0 205.0 112.0
LKDS-00218.mhd-1 0 318.0 309.0 106.0
LKDS-00219.mhd-1 0 128.0 199.0 108.0
LKDS-00219.mhd-2 0 172.0 298.0 67.0
LKDS-00220.mhd-1 1 149.0 143.0 215.0
LKDS-00223.mhd-1 0 178.0 267.0 48.0
LKDS-00223.mhd-2 0 288.0 366.0 78.0
LKDS-00223.mhd-3 0 301.0 348.0 42.0
LKDS-00225.mhd-1 0 120.0 179.0 111.0
LKDS-00227.mhd-1 0 442.0 371.0 91.0
LKDS-00229.mhd-1 2 97.0 207.0 303.0
LKDS-00230.mhd-1 0 179.0 292.0 88.0
LKDS-00232.mhd-1 0 378.0 174.0 76.0
LKDS-00235.mhd-1 2 112.0 307.0 289.0
LKDS-00235.mhd-2 2 201.0 192.0 339.0
LKDS-00236.mhd-1 1 140.0 328.0 158.0
LKDS-00237.mhd-1 0 341.0 328.0 108.0
LKDS-00238.mhd-1 2 152.0 249.0 354.0
LKDS-00240.mhd-1 0 102.0 260.0 106.0
LKDS-00242.mhd-1 1 208.0 238.0 199.0
LKDS-00242.mhd-2 0 176.0 311.0 81.0
LKDS-00244.mhd-1 0 168.0 246.0 79.0
LKDS-00246.mhd-1 1 128.0 177.0 215.0
LKDS-00247.mhd-1 0 127.0 229.0 119.0
LKDS-00249.mhd-1 1 348.0 286.0 129.0
LKDS-00253.mhd-1 1 363.0 160.0 248.0
LKDS-00254.mhd-1 1 387.0 196.0 149.0
LKDS-00254.mhd-2 1 388.0 196.0 150.0
LKDS-00254.mhd-3 1 103.0 269.0 184.0
LKDS-00256.mhd-1 1 120.0 285.0 142.0
LKDS-00256.mhd-2 1 283.0 292.0 139.0
LKDS-00257.mhd-1 1 354.0 314.0 255.0
LKDS-00257.mhd-2 2 117.0 225.0 291.0
LKDS-00260.mhd-1 1 397.0 353.0 157.0
LKDS-00261.mhd-1 1 353.0 262.0 238.0
LKDS-00261.mhd-2 1 351.0 332.0 251.0
LKDS-00261.mhd-3 1 337.0 325.0 253.0
LKDS-00263.mhd-1 1 363.0 300.0 254.0
LKDS-00264.mhd-1 1 121.0 345.0 210.0
LKDS-00267.mhd-1 2 127.0 192.0 301.0
LKDS-00269.mhd-1 0 372.0 318.0 99.0
LKDS-00270.mhd-1 1 79.0 350.0 233.0
LKDS-00272.mhd-1 2 371.0 209.0 288.0
LKDS-00273.mhd-1 0 329.0 282.0 42.0
LKDS-00275.mhd-1 0 226.0 281.0 76.0
LKDS-00275.mhd-2 1 336.0 310.0 183.0
LKDS-00277.mhd-1 0 311.0 281.0 40.0
LKDS-00278.mhd-1 1 422.0 290.0 183.0
LKDS-00278.mhd-2 1 421.0 290.0 184.0
LKDS-00279.mhd-1 0 210.0 325.0 24.0
LKDS-00279.mhd-2 2 336.0 364.0 288.0
LKDS-00280.mhd-1 2 126.0 299.0 260.0
LKDS-00280.mhd-2 2 188.0 328.0 305.0
LKDS-00280.mhd-3 2 159.0 219.0 356.0
LKDS-00281.mhd-1 0 136.0 291.0 84.0
LKDS-00283.mhd-1 1 130.0 180.0 228.0
LKDS-00283.mhd-2 1 196.0 179.0 216.0
LKDS-00283.mhd-3 2 140.0 216.0 263.0
LKDS-00283.mhd-4 1 418.0 363.0 204.0
LKDS-00283.mhd-5 1 109.0 398.0 196.0
LKDS-00284.mhd-1 0 355.0 214.0 98.0
LKDS-00286.mhd-1 1 154.0 260.0 175.0
LKDS-00287.mhd-1 2 338.0 360.0 267.0
LKDS-00289.mhd-1 0 357.0 282.0 77.0
LKDS-00289.mhd-2 0 291.0 365.0 83.0
LKDS-00289.mhd-3 0 329.0 263.0 91.0
LKDS-00289.mhd-4 0 297.0 237.0 108.0
LKDS-00290.mhd-1 0 190.0 234.0 111.0
LKDS-00290.mhd-2 0 364.0 321.0 114.0
LKDS-00290.mhd-3 0 97.0 280.0 118.0
LKDS-00290.mhd-4 0 125.0 324.0 123.0
LKDS-00290.mhd-5 0 153.0 280.0 46.0
LKDS-00290.mhd-6 0 193.0 341.0 57.0
LKDS-00290.mhd-7 0 155.0 238.0 76.0
LKDS-00291.mhd-1 2 386.0 356.0 315.0
LKDS-00292.mhd-1 0 412.0 241.0 36.0
LKDS-00292.mhd-2 0 197.0 173.0 47.0
LKDS-00293.mhd-1 0 361.0 145.0 64.0
LKDS-00293.mhd-2 0 118.0 227.0 67.0
LKDS-00293.mhd-3 0 178.0 365.0 68.0
LKDS-00293.mhd-4 0 337.0 145.0 69.0
LKDS-00293.mhd-5 0 170.0 201.0 72.0
LKDS-00293.mhd-6 0 342.0 368.0 67.0
LKDS-00293.mhd-7 0 326.0 362.0 66.0
LKDS-00293.mhd-8 0 361.0 169.0 69.0
LKDS-00294.mhd-1 1 397.0 288.0 135.0
LKDS-00294.mhd-2 0 160.0 275.0 82.0
LKDS-00295.mhd-1 0 324.0 386.0 89.0
LKDS-00296.mhd-1 0 129.0 275.0 98.0
LKDS-00297.mhd-1 1 295.0 346.0 177.0
LKDS-00299.mhd-1 1 -331.0 -192.0 172.0
LKDS-00301.mhd-1 1 360.0 200.0 134.0
LKDS-00302.mhd-1 3 187.0 299.0 410.0
LKDS-00303.mhd-1 0 170.0 338.0 117.0
LKDS-00304.mhd-1 1 168.0 310.0 165.0
LKDS-00304.mhd-2 2 439.0 267.0 302.0
LKDS-00306.mhd-1 0 196.0 340.0 60.0
LKDS-00306.mhd-2 0 360.0 338.0 94.0
LKDS-00307.mhd-1 0 337.0 349.0 107.0
LKDS-00307.mhd-2 1 377.0 291.0 213.0
LKDS-00312.mhd-1 2 152.0 363.0 382.0
LKDS-00312.mhd-2 3 361.0 239.0 421.0
LKDS-00312.mhd-3 1 455.0 264.0 201.0
LKDS-00314.mhd-1 1 124.0 130.0 236.0
LKDS-00315.mhd-1 1 359.0 325.0 242.0
LKDS-00319.mhd-1 0 139.0 305.0 66.0
LKDS-00320.mhd-1 1 274.0 293.0 226.0
LKDS-00321.mhd-1 1 206.0 315.0 179.0
LKDS-00323.mhd-1 1 126.0 175.0 141.0
LKDS-00325.mhd-1 0 348.0 359.0 89.0
LKDS-00326.mhd-1 0 179.0 358.0 54.0
LKDS-00326.mhd-2 0 142.0 365.0 116.0
LKDS-00331.mhd-1 0 202.0 300.0 36.0
LKDS-00333.mhd-1 0 177.0 130.0 66.0
LKDS-00333.mhd-2 0 400.0 169.0 97.0
LKDS-00334.mhd-1 1 164.0 240.0 219.0
LKDS-00335.mhd-1 2 94.0 269.0 322.0
LKDS-00336.mhd-1 1 413.0 191.0 235.0
LKDS-00337.mhd-1 0 178.0 331.0 85.0
LKDS-00339.mhd-1 0 203.0 317.0 81.0
LKDS-00339.mhd-2 1 159.0 167.0 167.0
LKDS-00342.mhd-1 0 415.0 122.0 96.0
LKDS-00342.mhd-2 0 112.0 222.0 98.0
LKDS-00342.mhd-3 0 155.0 323.0 113.0
LKDS-00345.mhd-1 1 134.0 239.0 178.0
LKDS-00348.mhd-1 1 298.0 291.0 242.0
LKDS-00348.mhd-3 0 126.0 325.0 77.0
LKDS-00348.mhd-5 1 159.0 346.0 204.0
LKDS-00348.mhd-7 0 446.0 264.0 100.0
LKDS-00349.mhd-1 0 347.0 332.0 45.0
LKDS-00349.mhd-2 0 386.0 216.0 62.0
LKDS-00350.mhd-1 1 140.0 298.0 210.0
LKDS-00356.mhd-2 0 143.0 263.0 127.0
LKDS-00357.mhd-1 1 82.0 212.0 136.0
LKDS-00357.mhd-2 0 322.0 359.0 103.0
LKDS-00358.mhd-1 0 74.0 285.0 76.0
LKDS-00360.mhd-1 0 358.0 357.0 83.0
LKDS-00360.mhd-2 1 327.0 306.0 153.0
LKDS-00363.mhd-1 0 109.0 194.0 110.0
LKDS-00363.mhd-2 1 216.0 308.0 231.0
LKDS-00364.mhd-1 0 393.0 287.0 106.0
LKDS-00364.mhd-2 1 364.0 379.0 168.0
LKDS-00368.mhd-1 0 423.0 364.0 68.0
LKDS-00369.mhd-1 0 451.0 323.0 81.0
LKDS-00369.mhd-2 0 91.0 155.0 88.0
LKDS-00369.mhd-3 1 70.0 203.0 141.0
LKDS-00371.mhd-1 1 131.0 295.0 172.0
LKDS-00374.mhd-1 1 386.0 216.0 152.0
LKDS-00375.mhd-1 1 90.0 227.0 200.0
LKDS-00378.mhd-1 0 393.0 302.0 53.0
LKDS-00379.mhd-1 0 321.0 269.0 52.0
LKDS-00379.mhd-2 1 310.0 338.0 152.0
LKDS-00381.mhd-1 2 168.0 376.0 375.0
LKDS-00388.mhd-1 1 112.0 250.0 151.0
LKDS-00392.mhd-1 1 337.0 361.0 134.0
LKDS-00393.mhd-1 0 427.0 313.0 122.0
LKDS-00393.mhd-2 1 405.0 361.0 136.0
LKDS-00394.mhd-1 1 173.0 206.0 161.0
LKDS-00395.mhd-1 1 181.0 535.0 181.0
LKDS-00395.mhd-2 1 562.0 539.0 197.0
LKDS-00396.mhd-1 1 182.0 129.0 216.0
LKDS-00398.mhd-1 0 182.0 344.0 108.0
LKDS-00402.mhd-1 1 135.0 295.0 131.0
LKDS-00403.mhd-1 1 229.0 263.0 209.0
LKDS-00405.mhd-1 0 367.0 295.0 105.0
LKDS-00405.mhd-2 1 365.0 352.0 209.0
LKDS-00406.mhd-1 0 199.0 300.0 77.0
LKDS-00407.mhd-1 2 343.0 321.0 352.0
LKDS-00408.mhd-1 0 330.0 271.0 41.0
LKDS-00408.mhd-2 0 191.0 293.0 69.0
LKDS-00408.mhd-3 1 208.0 294.0 196.0
LKDS-00412.mhd-1 1 142.0 255.0 136.0
LKDS-00413.mhd-1 2 210.0 278.0 263.0
LKDS-00416.mhd-1 0 163.0 280.0 58.0
LKDS-00418.mhd-1 0 232.0 298.0 52.0
LKDS-00420.mhd-1 0 142.0 283.0 77.0
LKDS-00421.mhd-1 0 178.0 182.0 84.0
LKDS-00421.mhd-2 0 191.0 145.0 91.0
LKDS-00423.mhd-1 0 407.0 248.0 112.0
LKDS-00424.mhd-1 1 173.0 191.0 166.0
LKDS-00426.mhd-1 1 460.0 296.0 238.0
LKDS-00427.mhd-1 1 144.0 125.0 205.0
LKDS-00428.mhd-1 1 200.0 156.0 161.0
LKDS-00429.mhd-1 0 392.0 294.0 110.0
LKDS-00429.mhd-2 1 150.0 142.0 175.0
LKDS-00431.mhd-1 1 313.0 169.0 155.0
LKDS-00434.mhd-1 2 171.0 186.0 296.0
LKDS-00436.mhd-1 0 323.0 224.0 70.0
LKDS-00440.mhd-1 0 149.0 212.0 77.0
LKDS-00442.mhd-1 0 172.0 207.0 66.0
LKDS-00442.mhd-2 0 218.0 186.0 79.0
LKDS-00443.mhd-1 0 391.0 296.0 63.0
LKDS-00445.mhd-1 0 316.0 364.0 126.0
LKDS-00447.mhd-1 1 347.0 392.0 197.0
LKDS-00448.mhd-1 0 377.0 230.0 92.0
LKDS-00450.mhd-1 0 335.0 344.0 101.0
LKDS-00450.mhd-2 0 380.0 341.0 113.0
LKDS-00450.mhd-3 0 203.0 386.0 125.0
LKDS-00450.mhd-4 1 214.0 357.0 149.0
LKDS-00451.mhd-1 0 336.0 220.0 47.0
LKDS-00454.mhd-1 1 114.0 300.0 142.0
LKDS-00456.mhd-1 0 164.0 192.0 79.0
LKDS-00456.mhd-2 0 338.0 243.0 95.0
LKDS-00457.mhd-1 0 337.0 345.0 51.0
LKDS-00459.mhd-1 0 185.0 149.0 55.0
LKDS-00459.mhd-2 0 358.0 313.0 28.0
LKDS-00460.mhd-1 1 140.0 323.0 151.0
LKDS-00461.mhd-1 1 404.0 308.0 167.0
LKDS-00463.mhd-1 1 411.0 242.0 228.0
LKDS-00465.mhd-1 1 184.0 162.0 136.0
LKDS-00466.mhd-1 1 383.0 302.0 145.0
LKDS-00467.mhd-1 1 176.0 142.0 132.0
LKDS-00469.mhd-1 1 349.0 263.0 167.0
LKDS-00470.mhd-1 0 371.0 356.0 84.0
LKDS-00471.mhd-1 1 384.0 285.0 130.0
LKDS-00472.mhd-1 0 119.0 319.0 83.0
LKDS-00472.mhd-2 0 148.0 192.0 107.0
LKDS-00473.mhd-1 0 106.0 155.0 74.0
LKDS-00473.mhd-2 0 99.0 306.0 60.0
LKDS-00473.mhd-3 0 117.0 170.0 75.0
LKDS-00474.mhd-1 2 104.0 336.0 304.0
LKDS-00475.mhd-1 0 355.0 260.0 48.0
LKDS-00476.mhd-1 1 42.0 269.0 209.0
LKDS-00476.mhd-2 2 60.0 290.0 300.0
LKDS-00476.mhd-3 2 150.0 100.0 298.0
LKDS-00476.mhd-4 3 186.0 338.0 505.0
LKDS-00476.mhd-5 3 196.0 349.0 494.0
LKDS-00477.mhd-1 1 136.0 189.0 161.0
LKDS-00478.mhd-1 1 100.0 279.0 200.0
LKDS-00478.mhd-2 1 430.0 230.0 142.0
LKDS-00478.mhd-3 1 369.0 227.0 230.0
LKDS-00480.mhd-1 1 130.0 356.0 196.0
LKDS-00480.mhd-2 1 108.0 255.0 145.0
LKDS-00480.mhd-3 1 97.0 238.0 141.0
LKDS-00481.mhd-1 1 353.0 183.0 145.0
LKDS-00482.mhd-1 1 114.0 220.0 164.0
LKDS-00485.mhd-1 1 103.0 137.0 210.0
LKDS-00486.mhd-1 0 191.0 296.0 97.0
LKDS-00486.mhd-2 2 201.0 333.0 301.0
LKDS-00487.mhd-1 0 457.0 268.0 52.0
LKDS-00487.mhd-2 0 462.0 324.0 53.0
LKDS-00487.mhd-3 0 379.0 398.0 106.0
LKDS-00487.mhd-4 1 193.0 265.0 217.0
LKDS-00488.mhd-1 0 314.0 205.0 104.0
LKDS-00491.mhd-1 2 157.0 193.0 283.0
LKDS-00492.mhd-1 0 93.0 367.0 31.0
LKDS-00492.mhd-2 0 188.0 380.0 17.0
LKDS-00493.mhd-1 0 404.0 305.0 105.0
LKDS-00494.mhd-1 0 126.0 266.0 112.0
LKDS-00494.mhd-2 1 362.0 370.0 171.0
LKDS-00496.mhd-1 0 199.0 298.0 56.0
LKDS-00497.mhd-1 0 172.0 163.0 75.0
LKDS-00499.mhd-1 0 141.0 212.0 91.0
LKDS-00503.mhd-1 0 166.0 213.0 87.0
LKDS-00506.mhd-1 1 182.0 384.0 182.0
LKDS-00506.mhd-2 2 116.0 199.0 278.0
LKDS-00507.mhd-1 0 197.0 363.0 84.0
LKDS-00509.mhd-1 0 96.0 319.0 34.0
LKDS-00509.mhd-2 0 70.0 324.0 41.0
LKDS-00509.mhd-4 0 428.0 323.0 49.0
LKDS-00509.mhd-5 0 401.0 364.0 55.0
LKDS-00509.mhd-6 0 119.0 181.0 67.0
LKDS-00511.mhd-1 0 330.0 205.0 110.0
LKDS-00512.mhd-1 0 354.0 279.0 121.0
LKDS-00513.mhd-1 0 122.0 157.0 61.0
LKDS-00514.mhd-1 0 385.0 307.0 117.0
LKDS-00515.mhd-1 1 169.0 361.0 155.0
LKDS-00517.mhd-1 1 120.0 321.0 164.0
LKDS-00519.mhd-1 0 367.0 219.0 76.0
LKDS-00519.mhd-2 1 349.0 282.0 228.0
LKDS-00521.mhd-1 2 380.0 167.0 373.0
LKDS-00525.mhd-1 0 357.0 276.0 74.0
LKDS-00527.mhd-1 0 174.0 288.0 43.0
LKDS-00527.mhd-2 0 327.0 241.0 67.0
LKDS-00528.mhd-1 1 144.0 277.0 162.0
LKDS-00529.mhd-1 1 341.0 349.0 128.0
LKDS-00530.mhd-1 0 195.0 202.0 102.0
LKDS-00530.mhd-2 0 374.0 335.0 93.0
LKDS-00531.mhd-1 2 167.0 267.0 298.0
LKDS-00531.mhd-2 2 322.0 273.0 348.0
LKDS-00533.mhd-1 2 129.0 284.0 289.0
LKDS-00533.mhd-2 2 437.0 180.0 325.0
LKDS-00534.mhd-1 1 153.0 273.0 145.0
LKDS-00537.mhd-1 0 341.0 342.0 92.0
LKDS-00540.mhd-1 0 163.0 379.0 104.0
LKDS-00540.mhd-2 0 447.0 217.0 125.0
LKDS-00541.mhd-1 0 370.0 371.0 118.0
LKDS-00541.mhd-2 1 148.0 359.0 129.0
LKDS-00544.mhd-1 1 136.0 291.0 152.0
LKDS-00544.mhd-2 1 372.0 193.0 133.0
LKDS-00545.mhd-1 0 83.0 346.0 34.0
LKDS-00545.mhd-2 0 147.0 235.0 37.0
LKDS-00545.mhd-4 0 79.0 220.0 42.0
LKDS-00545.mhd-5 0 429.0 330.0 40.0
LKDS-00545.mhd-6 0 376.0 366.0 48.0
LKDS-00546.mhd-1 0 393.0 357.0 103.0
LKDS-00546.mhd-2 0 427.0 277.0 106.0
LKDS-00549.mhd-1 1 188.0 306.0 203.0
LKDS-00550.mhd-1 3 207.0 240.0 404.0
LKDS-00550.mhd-2 2 141.0 298.0 381.0
LKDS-00553.mhd-1 0 57.0 219.0 84.0
LKDS-00553.mhd-2 0 468.0 240.0 89.0
LKDS-00553.mhd-3 0 400.0 159.0 108.0
LKDS-00555.mhd-1 1 169.0 246.0 149.0
LKDS-00555.mhd-2 1 119.0 329.0 136.0
LKDS-00556.mhd-1 1 121.0 207.0 194.0
LKDS-00556.mhd-2 2 144.0 389.0 326.0
LKDS-00558.mhd-1 0 397.0 324.0 99.0
LKDS-00562.mhd-1 1 180.0 347.0 166.0
LKDS-00562.mhd-2 1 180.0 347.0 167.0
LKDS-00563.mhd-1 1 378.0 331.0 244.0
LKDS-00565.mhd-1 2 99.0 283.0 283.0
LKDS-00566.mhd-1 0 300.0 260.0 113.0
LKDS-00567.mhd-1 1 138.0 356.0 212.0
LKDS-00567.mhd-2 1 98.0 157.0 184.0
LKDS-00571.mhd-1 0 146.0 263.0 112.0
LKDS-00571.mhd-2 1 204.0 312.0 154.0
LKDS-00571.mhd-3 1 418.0 289.0 178.0
LKDS-00572.mhd-1 0 328.0 276.0 38.0
LKDS-00573.mhd-1 0 195.0 282.0 59.0
LKDS-00573.mhd-2 0 195.0 281.0 61.0
LKDS-00574.mhd-1 0 147.0 256.0 108.0
LKDS-00575.mhd-1 1 387.0 338.0 133.0
LKDS-00578.mhd-1 0 318.0 363.0 85.0
LKDS-00579.mhd-1 0 405.0 267.0 70.0
LKDS-00582.mhd-1 0 450.0 195.0 67.0
LKDS-00585.mhd-1 0 221.0 280.0 48.0
LKDS-00586.mhd-1 1 149.0 274.0 158.0
LKDS-00587.mhd-1 1 166.0 361.0 184.0
LKDS-00589.mhd-1 0 400.0 345.0 51.0
LKDS-00589.mhd-2 0 387.0 308.0 72.0
LKDS-00592.mhd-1 2 167.0 207.0 329.0
LKDS-00593.mhd-1 0 118.0 261.0 94.0
LKDS-00595.mhd-1 1 136.0 240.0 244.0
LKDS-00595.mhd-2 1 75.0 208.0 193.0
LKDS-00596.mhd-1 0 168.0 221.0 111.0
LKDS-00598.mhd-1 1 225.0 308.0 138.0
LKDS-00598.mhd-2 1 362.0 304.0 162.0
LKDS-00598.mhd-3 1 140.0 190.0 143.0
LKDS-00600.mhd-1 0 196.0 346.0 61.0
LKDS-00601.mhd-1 2 376.0 232.0 316.0
LKDS-00601.mhd-2 0 157.0 359.0 92.0
LKDS-00601.mhd-3 1 436.0 201.0 160.0
LKDS-00601.mhd-4 2 193.0 418.0 316.0
LKDS-00603.mhd-1 0 166.0 258.0 44.0
LKDS-00605.mhd-1 1 310.0 330.0 182.0
LKDS-00608.mhd-1 1 87.0 278.0 178.0
LKDS-00608.mhd-2 1 201.0 397.0 161.0
LKDS-00608.mhd-3 1 400.0 373.0 212.0
LKDS-00608.mhd-4 1 351.0 417.0 160.0
LKDS-00608.mhd-5 0 435.0 334.0 81.0
LKDS-00609.mhd-1 0 136.0 341.0 123.0
LKDS-00611.mhd-1 1 120.0 283.0 187.0
LKDS-00612.mhd-1 1 138.0 316.0 221.0
LKDS-00614.mhd-1 0 63.0 258.0 116.0
LKDS-00615.mhd-1 1 195.0 255.0 153.0
LKDS-00619.mhd-1 0 323.0 218.0 91.0
LKDS-00620.mhd-1 0 155.0 250.0 108.0
LKDS-00620.mhd-2 0 144.0 333.0 70.0
LKDS-00622.mhd-1 1 361.0 317.0 237.0
LKDS-00623.mhd-1 0 130.0 247.0 112.0
LKDS-00624.mhd-1 0 168.0 362.0 124.0
LKDS-00625.mhd-1 1 357.0 343.0 131.0
LKDS-00625.mhd-2 1 356.0 344.0 132.0
LKDS-00628.mhd-1 2 159.0 285.0 275.0
LKDS-00629.mhd-1 1 187.0 216.0 180.0
LKDS-00699.mhd-1 1 134.0 397.0 133.0
LKDS-00699.mhd-2 0 235.0 350.0 58.0
LKDS-00699.mhd-3 0 381.0 401.0 75.0
LKDS-00699.mhd-4 0 342.0 353.0 119.0
LKDS-00699.mhd-5 0 128.0 384.0 63.0
LKDS-00700.mhd-1 1 149.0 255.0 250.0
LKDS-00700.mhd-2 2 89.0 280.0 285.0
LKDS-00701.mhd-1 0 112.0 368.0 123.0
LKDS-00702.mhd-1 0 124.0 318.0 107.0
LKDS-00702.mhd-2 0 162.0 266.0 120.0
LKDS-00703.mhd-1 3 413.0 311.0 428.0
LKDS-00703.mhd-2 3 430.0 305.0 394.0
LKDS-00706.mhd-1 0 322.0 268.0 37.0
LKDS-00707.mhd-1 0 377.0 324.0 66.0
LKDS-00709.mhd-1 1 354.0 323.0 176.0
LKDS-00709.mhd-2 1 382.0 309.0 173.0
LKDS-00710.mhd-1 1 105.0 215.0 157.0
LKDS-00711.mhd-2 3 154.0 290.0 421.0
LKDS-00714.mhd-1 0 305.0 304.0 80.0
LKDS-00714.mhd-2 0 149.0 296.0 118.0
LKDS-00714.mhd-3 1 363.0 277.0 173.0
LKDS-00716.mhd-1 0 349.0 301.0 85.0
LKDS-00717.mhd-1 0 185.0 351.0 56.0
LKDS-00717.mhd-2 0 393.0 209.0 90.0
LKDS-00718.mhd-1 3 330.0 368.0 426.0
LKDS-00718.mhd-2 2 153.0 131.0 291.0
LKDS-00722.mhd-1 0 137.0 318.0 63.0
LKDS-00723.mhd-1 0 407.0 288.0 82.0
LKDS-00723.mhd-2 0 377.0 362.0 108.0
LKDS-00725.mhd-1 0 294.0 358.0 47.0
LKDS-00725.mhd-2 1 342.0 260.0 197.0
LKDS-00727.mhd-1 0 145.0 266.0 88.0
LKDS-00728.mhd-1 1 391.0 270.0 215.0
LKDS-00730.mhd-1 0 352.0 278.0 108.0
LKDS-00730.mhd-2 0 374.0 213.0 111.0
LKDS-00730.mhd-3 0 159.0 241.0 112.0
LKDS-00730.mhd-4 0 145.0 179.0 126.0
LKDS-00730.mhd-5 1 379.0 214.0 132.0
LKDS-00730.mhd-6 1 100.0 275.0 137.0
LKDS-00730.mhd-7 1 110.0 325.0 153.0
LKDS-00730.mhd-8 1 365.0 274.0 160.0
LKDS-00730.mhd-9 1 397.0 309.0 167.0
LKDS-00730.mhd-10 1 386.0 282.0 169.0
LKDS-00730.mhd-11 0 225.0 275.0 35.0
LKDS-00730.mhd-12 0 381.0 232.0 86.0
LKDS-00730.mhd-13 0 358.0 287.0 98.0
LKDS-00731.mhd-1 0 281.0 457.0 32.0
LKDS-00732.mhd-1 2 164.0 353.0 317.0
LKDS-00732.mhd-2 1 155.0 194.0 204.0
LKDS-00732.mhd-3 1 113.0 183.0 212.0
LKDS-00732.mhd-4 1 120.0 194.0 176.0
LKDS-00733.mhd-1 0 367.0 350.0 75.0
LKDS-00733.mhd-2 0 308.0 198.0 83.0
LKDS-00733.mhd-3 0 221.0 219.0 84.0
LKDS-00734.mhd-1 0 345.0 377.0 78.0
LKDS-00739.mhd-1 0 149.0 272.0 109.0
LKDS-00740.mhd-1 0 153.0 254.0 84.0
LKDS-00630.mhd-1 1 370.0 194.0 160.0
LKDS-00632.mhd-1 1 210.0 236.0 169.0
LKDS-00632.mhd-2 0 172.0 246.0 69.0
LKDS-00634.mhd-1 0 363.0 245.0 117.0
LKDS-00634.mhd-2 0 129.0 262.0 118.0
LKDS-00638.mhd-1 0 166.0 189.0 96.0
LKDS-00639.mhd-1 2 96.0 359.0 380.0
LKDS-00639.mhd-2 2 145.0 400.0 305.0
LKDS-00640.mhd-1 0 342.0 171.0 91.0
LKDS-00641.mhd-1 1 143.0 396.0 157.0
LKDS-00643.mhd-1 0 116.0 257.0 101.0
LKDS-00643.mhd-2 0 116.0 255.0 103.0
LKDS-00643.mhd-3 0 116.0 255.0 104.0
LKDS-00646.mhd-1 0 125.0 273.0 106.0
LKDS-00647.mhd-1 0 135.0 282.0 127.0
LKDS-00648.mhd-1 0 428.0 280.0 114.0
LKDS-00648.mhd-2 1 420.0 305.0 129.0
LKDS-00648.mhd-3 1 256.0 224.0 139.0
LKDS-00649.mhd-1 0 139.0 304.0 83.0
LKDS-00649.mhd-2 0 167.0 341.0 83.0
LKDS-00650.mhd-1 1 318.0 185.0 199.0
LKDS-00650.mhd-2 0 407.0 335.0 103.0
LKDS-00650.mhd-3 1 386.0 308.0 212.0
LKDS-00651.mhd-1 2 170.0 431.0 304.0
LKDS-00651.mhd-2 2 179.0 432.0 256.0
LKDS-00651.mhd-3 3 311.0 326.0 499.0
LKDS-00651.mhd-4 2 378.0 425.0 259.0
LKDS-00651.mhd-5 3 385.0 182.0 420.0
LKDS-00653.mhd-1 0 59.0 318.0 125.0
LKDS-00658.mhd-1 1 122.0 208.0 184.0
LKDS-00660.mhd-1 1 54.0 264.0 230.0
LKDS-00661.mhd-1 0 125.0 170.0 111.0
LKDS-00661.mhd-2 1 141.0 310.0 137.0
LKDS-00663.mhd-1 1 101.0 213.0 132.0
LKDS-00666.mhd-1 0 199.0 202.0 120.0
LKDS-00667.mhd-1 1 134.0 255.0 191.0
LKDS-00670.mhd-1 1 162.0 184.0 141.0
LKDS-00671.mhd-1 1 388.0 236.0 135.0
LKDS-00673.mhd-1 0 126.0 305.0 87.0
LKDS-00674.mhd-1 1 87.0 251.0 189.0
LKDS-00674.mhd-2 1 160.0 312.0 245.0
LKDS-00675.mhd-1 1 339.0 346.0 164.0
LKDS-00676.mhd-1 0 165.0 256.0 66.0
LKDS-00677.mhd-1 0 194.0 290.0 108.0
LKDS-00678.mhd-1 1 161.0 284.0 242.0
LKDS-00681.mhd-1 0 455.0 266.0 97.0
LKDS-00682.mhd-1 1 115.0 332.0 228.0
LKDS-00683.mhd-1 1 116.0 198.0 161.0
LKDS-00683.mhd-2 0 82.0 341.0 86.0
LKDS-00684.mhd-1 1 320.0 313.0 146.0
LKDS-00691.mhd-1 2 120.0 288.0 376.0
LKDS-00692.mhd-1 0 113.0 420.0 84.0
LKDS-00692.mhd-2 0 112.0 349.0 104.0
LKDS-00692.mhd-3 1 149.0 173.0 163.0
LKDS-00692.mhd-4 1 92.0 217.0 215.0
LKDS-00692.mhd-5 1 294.0 331.0 255.0
LKDS-00692.mhd-6 1 114.0 331.0 176.0
LKDS-00692.mhd-7 0 421.0 291.0 97.0
LKDS-00694.mhd-1 0 437.0 295.0 77.0
LKDS-00694.mhd-3 0 407.0 187.0 125.0
LKDS-00694.mhd-4 1 213.0 282.0 156.0
LKDS-00694.mhd-5 1 295.0 294.0 157.0
LKDS-00696.mhd-1 2 108.0 206.0 258.0
LKDS-00696.mhd-2 1 359.0 123.0 171.0
LKDS-00697.mhd-1 0 358.0 355.0 110.0
LKDS-00698.mhd-1 0 301.0 281.0 57.0
LKDS-00698.mhd-2 0 293.0 292.0 58.0
LKDS-00742.mhd-1 1 113.0 236.0 236.0
LKDS-00744.mhd-1 0 188.0 208.0 94.0
LKDS-00745.mhd-1 1 358.0 393.0 141.0
LKDS-00745.mhd-2 1 384.0 279.0 151.0
LKDS-00745.mhd-3 0 196.0 337.0 26.0
LKDS-00745.mhd-4 0 165.0 329.0 44.0
LKDS-00745.mhd-5 0 157.0 348.0 47.0
LKDS-00746.mhd-1 0 125.0 372.0 83.0
LKDS-00746.mhd-2 0 168.0 369.0 40.0
LKDS-00750.mhd-1 1 391.0 254.0 141.0
LKDS-00752.mhd-1 0 342.0 256.0 105.0
LKDS-00755.mhd-1 1 151.0 345.0 150.0
LKDS-00756.mhd-2 0 137.0 330.0 75.0
LKDS-00756.mhd-3 0 360.0 279.0 95.0
LKDS-00757.mhd-1 0 441.0 276.0 97.0
LKDS-00757.mhd-2 0 164.0 372.0 118.0
LKDS-00759.mhd-1 2 149.0 150.0 265.0
LKDS-00759.mhd-2 0 303.0 349.0 94.0
LKDS-00760.mhd-1 0 337.0 318.0 56.0
LKDS-00762.mhd-1 0 181.0 335.0 62.0
LKDS-00762.mhd-2 1 397.0 338.0 190.0
LKDS-00762.mhd-3 1 423.0 312.0 230.0
LKDS-00763.mhd-1 0 358.0 279.0 101.0
LKDS-00764.mhd-1 1 159.0 122.0 148.0
LKDS-00767.mhd-1 2 397.0 263.0 322.0
LKDS-00768.mhd-1 0 205.0 394.0 47.0
LKDS-00771.mhd-1 0 103.0 224.0 93.0
LKDS-00771.mhd-2 1 127.0 342.0 132.0
LKDS-00772.mhd-1 0 383.0 336.0 39.0
LKDS-00772.mhd-2 0 286.0 298.0 88.0
LKDS-00772.mhd-3 0 332.0 201.0 90.0
LKDS-00772.mhd-4 0 341.0 360.0 91.0
LKDS-00772.mhd-5 0 398.0 242.0 69.0
LKDS-00773.mhd-1 0 119.0 245.0 108.0
LKDS-00775.mhd-1 1 193.0 222.0 135.0
LKDS-00776.mhd-1 1 385.0 322.0 177.0
LKDS-00776.mhd-2 1 294.0 392.0 146.0
LKDS-00776.mhd-3 0 395.0 346.0 109.0
LKDS-00777.mhd-1 0 394.0 207.0 116.0
LKDS-00777.mhd-2 1 399.0 274.0 165.0
LKDS-00778.mhd-1 1 185.0 319.0 165.0
LKDS-00780.mhd-1 2 381.0 334.0 272.0
LKDS-00781.mhd-1 1 102.0 306.0 133.0
LKDS-00782.mhd-1 2 135.0 255.0 329.0
LKDS-00783.mhd-1 0 370.0 318.0 19.0
LKDS-00784.mhd-1 2 417.0 252.0 258.0
LKDS-00788.mhd-1 0 150.0 202.0 95.0
LKDS-00789.mhd-1 1 116.0 351.0 158.0
LKDS-00790.mhd-1 1 382.0 372.0 177.0
LKDS-00795.mhd-1 0 164.0 285.0 118.0
LKDS-00796.mhd-1 1 68.0 263.0 213.0
LKDS-00796.mhd-2 1 397.0 355.0 223.0
LKDS-00796.mhd-3 2 415.0 297.0 268.0
LKDS-00797.mhd-1 0 309.0 223.0 74.0
LKDS-00798.mhd-1 1 357.0 369.0 184.0
LKDS-00798.mhd-2 0 96.0 369.0 109.0
LKDS-00803.mhd-1 0 128.0 312.0 87.0
LKDS-00805.mhd-1 0 358.0 383.0 94.0
LKDS-00807.mhd-1 0 341.0 278.0 68.0
LKDS-00807.mhd-2 0 199.0 352.0 99.0
LKDS-00807.mhd-3 0 105.0 234.0 115.0
LKDS-00807.mhd-4 1 89.0 266.0 173.0
LKDS-00808.mhd-1 0 317.0 235.0 118.0
LKDS-00809.mhd-1 1 446.0 205.0 181.0
LKDS-00811.mhd-1 1 365.0 345.0 170.0
LKDS-00813.mhd-1 1 137.0 313.0 202.0
LKDS-00814.mhd-1 0 278.0 331.0 54.0
LKDS-00815.mhd-1 0 175.0 158.0 115.0
LKDS-00816.mhd-1 0 159.0 222.0 109.0
LKDS-00816.mhd-2 1 381.0 327.0 169.0
LKDS-00816.mhd-3 1 206.0 343.0 193.0
LKDS-00817.mhd-1 0 322.0 275.0 102.0
LKDS-00819.mhd-1 1 98.0 217.0 202.0
LKDS-00819.mhd-2 0 161.0 352.0 98.0
LKDS-00819.mhd-3 1 130.0 333.0 193.0
LKDS-00820.mhd-1 0 100.0 387.0 43.0
LKDS-00821.mhd-1 0 136.0 350.0 123.0
LKDS-00823.mhd-1 0 405.0 320.0 77.0
LKDS-00824.mhd-1 1 131.0 255.0 170.0
LKDS-00825.mhd-1 0 374.0 258.0 117.0
LKDS-00826.mhd-1 0 164.0 297.0 118.0
LKDS-00826.mhd-2 0 165.0 297.0 119.0
LKDS-00826.mhd-3 0 163.0 296.0 120.0
LKDS-00827.mhd-1 1 150.0 187.0 213.0
LKDS-00829.mhd-1 1 400.0 212.0 160.0
LKDS-00830.mhd-1 1 114.0 314.0 143.0
LKDS-00831.mhd-1 2 215.0 353.0 293.0
LKDS-00831.mhd-2 3 361.0 269.0 416.0
LKDS-00833.mhd-1 0 178.0 293.0 97.0
LKDS-00834.mhd-1 2 100.0 259.0 263.0
LKDS-00835.mhd-2 0 124.0 393.0 96.0
LKDS-00835.mhd-4 1 359.0 294.0 137.0
LKDS-00836.mhd-1 1 152.0 198.0 212.0
LKDS-00837.mhd-1 1 335.0 248.0 218.0
LKDS-00838.mhd-1 1 373.0 339.0 142.0
LKDS-00839.mhd-1 0 346.0 229.0 69.0
LKDS-00839.mhd-2 0 171.0 285.0 86.0
LKDS-00839.mhd-3 0 150.0 313.0 121.0
LKDS-00841.mhd-1 0 209.0 250.0 78.0
LKDS-00843.mhd-1 0 129.0 329.0 96.0
LKDS-00844.mhd-1 1 169.0 356.0 209.0
LKDS-00845.mhd-1 0 124.0 299.0 99.0
LKDS-00845.mhd-2 0 396.0 225.0 87.0
LKDS-00846.mhd-1 1 362.0 318.0 149.0
LKDS-00847.mhd-1 1 188.0 326.0 164.0
LKDS-00847.mhd-2 1 171.0 350.0 164.0
LKDS-00848.mhd-1 4 184.0 372.0 512.0
LKDS-00848.mhd-2 2 357.0 233.0 363.0
LKDS-00852.mhd-1 1 202.0 268.0 236.0
LKDS-00855.mhd-1 1 406.0 219.0 147.0
LKDS-00855.mhd-2 0 356.0 364.0 127.0
LKDS-00855.mhd-3 0 327.0 277.0 54.0
LKDS-00855.mhd-4 0 358.0 337.0 50.0
LKDS-00855.mhd-5 0 213.0 337.0 126.0
LKDS-00855.mhd-6 0 204.0 215.0 119.0
LKDS-00855.mhd-7 1 215.0 201.0 163.0
LKDS-00855.mhd-8 0 246.0 307.0 113.0
LKDS-00855.mhd-9 0 216.0 363.0 92.0
LKDS-00855.mhd-10 0 188.0 355.0 65.0
LKDS-00855.mhd-11 0 178.0 172.0 81.0
LKDS-00855.mhd-12 0 408.0 178.0 95.0
LKDS-00856.mhd-1 0 185.0 267.0 113.0
LKDS-00856.mhd-2 1 365.0 305.0 141.0
LKDS-00857.mhd-1 1 213.0 300.0 161.0
LKDS-00859.mhd-1 1 137.0 349.0 144.0
LKDS-00859.mhd-2 1 91.0 287.0 143.0
LKDS-00859.mhd-3 1 101.0 359.0 129.0
LKDS-00859.mhd-4 1 77.0 364.0 128.0
LKDS-00859.mhd-5 0 96.0 373.0 120.0
LKDS-00862.mhd-1 0 213.0 167.0 86.0
LKDS-00862.mhd-2 0 381.0 254.0 73.0
LKDS-00862.mhd-3 0 406.0 297.0 56.0
LKDS-00863.mhd-1 0 119.0 196.0 73.0
LKDS-00865.mhd-1 0 186.0 277.0 59.0
LKDS-00865.mhd-2 0 191.0 331.0 60.0
LKDS-00865.mhd-3 0 345.0 274.0 69.0
LKDS-00866.mhd-1 0 427.0 303.0 80.0
LKDS-00866.mhd-2 0 425.0 271.0 103.0
LKDS-00866.mhd-3 1 290.0 392.0 133.0
LKDS-00867.mhd-1 0 454.0 291.0 82.0
LKDS-00868.mhd-1 1 139.0 266.0 129.0
LKDS-00870.mhd-1 2 140.0 151.0 272.0
LKDS-00870.mhd-2 1 202.0 154.0 198.0
LKDS-00873.mhd-1 1 120.0 214.0 166.0
LKDS-00875.mhd-1 1 170.0 288.0 205.0
LKDS-00876.mhd-1 1 231.0 322.0 163.0
LKDS-00878.mhd-1 1 405.0 297.0 136.0
LKDS-00878.mhd-2 1 191.0 370.0 176.0
LKDS-00878.mhd-3 1 168.0 370.0 190.0
LKDS-00878.mhd-4 1 328.0 373.0 191.0
LKDS-00878.mhd-5 1 392.0 215.0 163.0
LKDS-00879.mhd-1 0 151.0 213.0 108.0
LKDS-00879.mhd-2 1 379.0 229.0 209.0
LKDS-00879.mhd-3 2 355.0 342.0 328.0
LKDS-00880.mhd-1 0 112.0 326.0 58.0
LKDS-00880.mhd-2 0 389.0 342.0 69.0
LKDS-00882.mhd-1 1 95.0 209.0 249.0
LKDS-00884.mhd-1 2 105.0 324.0 256.0
LKDS-00885.mhd-1 1 170.0 199.0 169.0
LKDS-00886.mhd-1 0 355.0 228.0 67.0
LKDS-00887.mhd-1 1 168.0 318.0 153.0
LKDS-00890.mhd-1 0 139.0 260.0 122.0
LKDS-00891.mhd-1 1 171.0 326.0 178.0
LKDS-00892.mhd-1 0 186.0 241.0 107.0
LKDS-00894.mhd-1 0 381.0 325.0 20.0
LKDS-00897.mhd-1 2 379.0 341.0 341.0
LKDS-00898.mhd-1 0 170.0 223.0 60.0
LKDS-00899.mhd-1 2 117.0 354.0 370.0
LKDS-00900.mhd-1 0 321.0 337.0 48.0
LKDS-00901.mhd-1 1 205.0 353.0 163.0
LKDS-00901.mhd-2 1 185.0 339.0 214.0
LKDS-00901.mhd-3 2 395.0 325.0 304.0
LKDS-00904.mhd-1 1 371.0 333.0 176.0
LKDS-00906.mhd-1 0 317.0 326.0 5.0
LKDS-00906.mhd-2 0 198.0 176.0 93.0
LKDS-00911.mhd-1 2 142.0 306.0 272.0
LKDS-00912.mhd-1 1 170.0 355.0 210.0
LKDS-00912.mhd-2 2 228.0 287.0 269.0
LKDS-00912.mhd-3 2 178.0 340.0 276.0
LKDS-00912.mhd-5 2 198.0 242.0 286.0
LKDS-00912.mhd-6 1 292.0 322.0 248.0
LKDS-00914.mhd-1 2 126.0 162.0 310.0
LKDS-00914.mhd-2 1 42.0 265.0 203.0
LKDS-00914.mhd-3 1 462.0 294.0 183.0
LKDS-00915.mhd-1 1 187.0 329.0 183.0
LKDS-00915.mhd-2 0 129.0 336.0 90.0
LKDS-00915.mhd-3 1 146.0 315.0 132.0
LKDS-00915.mhd-4 0 358.0 375.0 123.0
LKDS-00917.mhd-1 0 135.0 364.0 115.0
LKDS-00917.mhd-2 0 195.0 329.0 33.0
LKDS-00917.mhd-3 0 128.0 262.0 34.0
LKDS-00918.mhd-1 0 131.0 274.0 47.0
LKDS-00919.mhd-1 2 186.0 169.0 303.0
LKDS-00921.mhd-1 1 198.0 222.0 182.0
LKDS-00921.mhd-2 2 420.0 280.0 272.0
LKDS-00921.mhd-3 2 403.0 170.0 296.0
LKDS-00923.mhd-1 1 143.0 223.0 149.0
LKDS-00924.mhd-1 1 67.0 245.0 145.0
LKDS-00924.mhd-2 2 114.0 265.0 283.0
LKDS-00930.mhd-1 0 162.0 342.0 66.0
LKDS-00931.mhd-1 0 179.0 207.0 101.0
LKDS-00931.mhd-2 1 195.0 321.0 153.0
LKDS-00931.mhd-3 1 176.0 274.0 161.0
LKDS-00931.mhd-4 0 393.0 226.0 59.0
LKDS-00933.mhd-1 0 157.0 306.0 72.0
LKDS-00933.mhd-2 0 360.0 316.0 73.0
LKDS-00935.mhd-1 0 32.0 266.0 53.0
LKDS-00936.mhd-1 0 124.0 204.0 117.0
LKDS-00937.mhd-1 0 188.0 355.0 25.0
LKDS-00937.mhd-2 0 170.0 352.0 45.0
LKDS-00937.mhd-3 0 162.0 338.0 60.0
LKDS-00939.mhd-1 0 385.0 270.0 89.0
LKDS-00941.mhd-1 0 338.0 340.0 101.0
LKDS-00942.mhd-1 0 104.0 389.0 52.0
LKDS-00942.mhd-2 0 454.0 343.0 52.0
LKDS-00942.mhd-3 0 420.0 390.0 72.0
LKDS-00944.mhd-1 0 200.0 356.0 56.0
LKDS-00945.mhd-1 0 119.0 284.0 100.0
LKDS-00946.mhd-1 1 170.0 359.0 200.0
LKDS-00948.mhd-1 1 349.0 283.0 165.0
LKDS-00949.mhd-1 1 128.0 207.0 190.0
LKDS-00950.mhd-1 0 149.0 244.0 57.0
LKDS-00950.mhd-2 0 149.0 243.0 58.0
LKDS-00951.mhd-1 1 415.0 181.0 147.0
LKDS-00953.mhd-1 0 386.0 265.0 90.0
LKDS-00954.mhd-1 0 163.0 358.0 106.0
LKDS-00954.mhd-2 0 312.0 336.0 97.0
LKDS-00956.mhd-1 1 184.0 243.0 159.0
LKDS-00957.mhd-1 1 320.0 195.0 137.0
LKDS-00961.mhd-1 1 193.0 336.0 128.0
LKDS-00962.mhd-1 3 438.0 251.0 407.0
LKDS-00964.mhd-1 0 438.0 181.0 74.0
LKDS-00964.mhd-2 0 424.0 239.0 81.0
LKDS-00964.mhd-3 0 379.0 194.0 96.0
LKDS-00964.mhd-4 0 141.0 283.0 108.0
LKDS-00964.mhd-5 1 341.0 276.0 129.0
LKDS-00968.mhd-1 2 350.0 334.0 307.0
LKDS-00969.mhd-1 0 181.0 322.0 105.0
LKDS-00970.mhd-1 0 114.0 249.0 56.0
LKDS-00973.mhd-1 1 332.0 385.0 155.0
LKDS-00976.mhd-1 0 204.0 222.0 94.0
LKDS-00976.mhd-2 0 133.0 336.0 67.0
LKDS-00976.mhd-3 1 392.0 275.0 142.0
LKDS-00976.mhd-4 1 222.0 313.0 159.0
LKDS-00979.mhd-1 1 206.0 244.0 148.0
LKDS-00981.mhd-1 1 313.0 337.0 162.0
LKDS-00982.mhd-1 1 391.0 198.0 226.0
LKDS-00983.mhd-1 0 223.0 464.0 82.0
LKDS-00984.mhd-1 1 179.0 296.0 200.0
LKDS-00985.mhd-1 0 334.0 299.0 44.0
LKDS-00989.mhd-1 0 135.0 266.0 123.0
LKDS-00990.mhd-1 2 400.0 338.0 269.0
LKDS-00990.mhd-2 0 158.0 283.0 97.0
LKDS-00991.mhd-1 0 311.0 344.0 24.0
LKDS-00991.mhd-2 0 117.0 358.0 23.0
LKDS-00991.mhd-3 0 333.0 370.0 65.0
LKDS-00991.mhd-4 0 403.0 300.0 67.0
LKDS-00994.mhd-1 0 146.0 303.0 100.0
LKDS-00995.mhd-1 0 329.0 307.0 100.0
LKDS-00996.mhd-1 0 367.0 325.0 89.0
LKDS-00996.mhd-2 0 364.0 351.0 86.0
LKDS-00997.mhd-1 0 350.0 273.0 44.0
LKDS-00998.mhd-1 1 145.0 256.0 205.0
LKDS-01000.mhd-1 2 399.0 267.0 327.0
