LKDS-00814.mhd1 278.0 331.0 54.0 319
LKDS-00815.mhd1 175.0 158.0 115.0 238
LKDS-00816.mhd1 159.0 222.0 109.0 232
LKDS-00816.mhd2 381.0 327.0 169.0 232
LKDS-00816.mhd3 206.0 343.0 193.0 232
LKDS-00817.mhd1 322.0 275.0 102.0 569
LKDS-00819.mhd1 98.0 217.0 202.0 333
LKDS-00819.mhd2 161.0 352.0 98.0 333
LKDS-00819.mhd3 130.0 333.0 193.0 333
LKDS-00820.mhd1 100.0 387.0 43.0 121
LKDS-00821.mhd1 136.0 350.0 123.0 337
LKDS-00823.mhd1 405.0 320.0 77.0 300
LKDS-00824.mhd1 131.0 255.0 170.0 985
LKDS-00825.mhd1 374.0 258.0 117.0 423
LKDS-00826.mhd1 164.0 297.0 118.0 487
LKDS-00826.mhd2 165.0 297.0 119.0 487
LKDS-00826.mhd3 163.0 296.0 120.0 487
LKDS-00827.mhd1 150.0 187.0 213.0 558
LKDS-00829.mhd1 400.0 212.0 160.0 221
LKDS-00830.mhd1 114.0 314.0 143.0 305
LKDS-00831.mhd1 215.0 353.0 293.0 474
LKDS-00831.mhd2 361.0 269.0 416.0 474
LKDS-00832.mhd1 384.0 301.0 84.0 472
LKDS-00833.mhd1 178.0 293.0 97.0 379
LKDS-00834.mhd1 100.0 259.0 263.0 536
LKDS-00835.mhd1 418.0 269.0 89.0 191
LKDS-00835.mhd2 124.0 393.0 96.0 191
LKDS-00835.mhd3 111.0 228.0 106.0 191
LKDS-00835.mhd4 359.0 294.0 137.0 191
LKDS-00836.mhd1 152.0 198.0 212.0 334
LKDS-00837.mhd1 335.0 248.0 218.0 613
LKDS-00838.mhd1 373.0 339.0 142.0 311
LKDS-00839.mhd1 346.0 229.0 69.0 423
LKDS-00839.mhd2 171.0 285.0 86.0 423
LKDS-00839.mhd3 150.0 313.0 121.0 423
LKDS-00841.mhd1 209.0 250.0 78.0 109
LKDS-00843.mhd1 129.0 329.0 96.0 233
LKDS-00844.mhd1 169.0 356.0 209.0 438
LKDS-00845.mhd1 124.0 299.0 99.0 133
LKDS-00845.mhd2 396.0 225.0 87.0 133
LKDS-00846.mhd1 362.0 318.0 149.0 381
LKDS-00847.mhd1 188.0 326.0 164.0 361
LKDS-00847.mhd2 171.0 350.0 164.0 361
LKDS-00848.mhd1 184.0 372.0 512.0 590
LKDS-00848.mhd2 357.0 233.0 363.0 590
LKDS-00852.mhd1 202.0 268.0 236.0 553
LKDS-00855.mhd1 406.0 219.0 147.0 253
LKDS-00855.mhd2 356.0 364.0 127.0 253
LKDS-00855.mhd3 327.0 277.0 54.0 253
LKDS-00855.mhd4 358.0 337.0 50.0 253
LKDS-00855.mhd5 213.0 337.0 126.0 253
LKDS-00855.mhd6 204.0 215.0 119.0 253
LKDS-00855.mhd7 215.0 201.0 163.0 253
LKDS-00855.mhd8 246.0 307.0 113.0 253
LKDS-00855.mhd9 216.0 363.0 92.0 253
LKDS-00855.mhd10 188.0 355.0 65.0 253
LKDS-00855.mhd11 178.0 172.0 81.0 253
LKDS-00855.mhd12 408.0 178.0 95.0 253
LKDS-00856.mhd1 185.0 267.0 113.0 324
LKDS-00856.mhd2 365.0 305.0 141.0 324
LKDS-00857.mhd1 213.0 300.0 161.0 461
LKDS-00859.mhd1 137.0 349.0 144.0 244
LKDS-00859.mhd2 91.0 287.0 143.0 244
LKDS-00859.mhd3 101.0 359.0 129.0 244
LKDS-00859.mhd4 77.0 364.0 128.0 244
LKDS-00859.mhd5 96.0 373.0 120.0 244
LKDS-00862.mhd1 213.0 167.0 86.0 133
LKDS-00862.mhd2 381.0 254.0 73.0 133
LKDS-00862.mhd3 406.0 297.0 56.0 133
LKDS-00863.mhd1 119.0 196.0 73.0 137
LKDS-00865.mhd1 186.0 277.0 59.0 266
LKDS-00865.mhd2 191.0 331.0 60.0 266
LKDS-00865.mhd3 345.0 274.0 69.0 266
LKDS-00866.mhd1 427.0 303.0 80.0 246
LKDS-00866.mhd2 425.0 271.0 103.0 246
LKDS-00866.mhd3 290.0 392.0 133.0 246
LKDS-00867.mhd1 454.0 291.0 82.0 166
LKDS-00867.mhd2 379.0 293.0 136.0 166
LKDS-00868.mhd1 139.0 266.0 129.0 287
LKDS-00870.mhd1 140.0 151.0 272.0 519
LKDS-00870.mhd2 202.0 154.0 198.0 519
LKDS-00873.mhd1 120.0 214.0 166.0 319
LKDS-00875.mhd1 170.0 288.0 205.0 280
LKDS-00876.mhd1 231.0 322.0 163.0 245
LKDS-00878.mhd1 405.0 297.0 136.0 232
LKDS-00878.mhd2 191.0 370.0 176.0 232
LKDS-00878.mhd3 168.0 370.0 190.0 232
LKDS-00878.mhd4 328.0 373.0 191.0 232
LKDS-00878.mhd5 392.0 215.0 163.0 232
LKDS-00879.mhd1 151.0 213.0 108.0 479
LKDS-00879.mhd2 379.0 229.0 209.0 479
LKDS-00879.mhd3 355.0 342.0 328.0 479
LKDS-00880.mhd1 112.0 326.0 58.0 119
LKDS-00880.mhd2 389.0 342.0 69.0 119
LKDS-00882.mhd1 95.0 209.0 249.0 359
LKDS-00884.mhd1 105.0 324.0 256.0 322
LKDS-00885.mhd1 170.0 199.0 169.0 314
LKDS-00886.mhd1 355.0 228.0 67.0 390
LKDS-00887.mhd1 168.0 318.0 153.0 356
LKDS-00888.mhd1 154.0 283.0 80.0 287
LKDS-00890.mhd1 139.0 260.0 122.0 291
LKDS-00891.mhd1 171.0 326.0 178.0 331
LKDS-00892.mhd1 186.0 241.0 107.0 130
LKDS-00893.mhd1 -287.0 -219.0 131.0 205
LKDS-00893.mhd2 -83.0 -258.0 88.0 205
LKDS-00893.mhd3 -79.0 -275.0 79.0 205
LKDS-00893.mhd4 -92.0 -318.0 55.0 205
LKDS-00893.mhd5 -118.0 -295.0 120.0 205
LKDS-00894.mhd1 381.0 325.0 20.0 212
LKDS-00896.mhd1 157.0 257.0 378.0 452
LKDS-00897.mhd1 379.0 341.0 341.0 445
LKDS-00898.mhd1 170.0 223.0 60.0 211
LKDS-00899.mhd1 117.0 354.0 370.0 483
LKDS-00900.mhd1 321.0 337.0 48.0 149
LKDS-00901.mhd1 205.0 353.0 163.0 557
LKDS-00901.mhd2 185.0 339.0 214.0 557
LKDS-00901.mhd3 395.0 325.0 304.0 557
LKDS-00904.mhd1 371.0 333.0 176.0 365
LKDS-00906.mhd1 317.0 326.0 5.0 196
LKDS-00906.mhd2 198.0 176.0 93.0 196
LKDS-00911.mhd1 142.0 306.0 272.0 513
LKDS-00912.mhd1 170.0 355.0 210.0 326
LKDS-00912.mhd2 228.0 287.0 269.0 326
LKDS-00912.mhd3 178.0 340.0 276.0 326
LKDS-00912.mhd4 376.0 289.0 289.0 326
LKDS-00912.mhd5 198.0 242.0 286.0 326
LKDS-00912.mhd6 292.0 322.0 248.0 326
LKDS-00914.mhd1 126.0 162.0 310.0 506
LKDS-00914.mhd2 42.0 265.0 203.0 506
LKDS-00914.mhd3 462.0 294.0 183.0 506
LKDS-00915.mhd1 187.0 329.0 183.0 245
LKDS-00915.mhd2 129.0 336.0 90.0 245
LKDS-00915.mhd3 146.0 315.0 132.0 245
LKDS-00915.mhd4 358.0 375.0 123.0 245
LKDS-00917.mhd1 135.0 364.0 115.0 235
LKDS-00917.mhd2 195.0 329.0 33.0 235
LKDS-00917.mhd3 128.0 262.0 34.0 235
LKDS-00918.mhd1 131.0 274.0 47.0 236
LKDS-00919.mhd1 186.0 169.0 303.0 460
LKDS-00921.mhd1 198.0 222.0 182.0 440
LKDS-00921.mhd2 420.0 280.0 272.0 440
LKDS-00921.mhd3 403.0 170.0 296.0 440
LKDS-00923.mhd1 143.0 223.0 149.0 270
LKDS-00924.mhd1 67.0 245.0 145.0 338
LKDS-00924.mhd2 114.0 265.0 283.0 338
LKDS-00930.mhd1 162.0 342.0 66.0 279
LKDS-00931.mhd1 179.0 207.0 101.0 197
LKDS-00931.mhd2 195.0 321.0 153.0 197
LKDS-00931.mhd3 176.0 274.0 161.0 197
LKDS-00931.mhd4 393.0 226.0 59.0 197
LKDS-00933.mhd1 157.0 306.0 72.0 263
LKDS-00933.mhd2 360.0 316.0 73.0 263
LKDS-00935.mhd1 32.0 266.0 53.0 300
LKDS-00936.mhd1 124.0 204.0 117.0 324
LKDS-00937.mhd1 188.0 355.0 25.0 218
LKDS-00937.mhd2 170.0 352.0 45.0 218
LKDS-00937.mhd3 162.0 338.0 60.0 218
LKDS-00939.mhd1 385.0 270.0 89.0 157
LKDS-00941.mhd1 338.0 340.0 101.0 385
LKDS-00942.mhd1 104.0 389.0 52.0 250
LKDS-00942.mhd2 454.0 343.0 52.0 250
LKDS-00942.mhd3 420.0 390.0 72.0 250
LKDS-00944.mhd1 200.0 356.0 56.0 125
LKDS-00945.mhd1 119.0 284.0 100.0 133
LKDS-00946.mhd1 170.0 359.0 200.0 331
LKDS-00948.mhd1 349.0 283.0 165.0 406
LKDS-00949.mhd1 128.0 207.0 190.0 225
LKDS-00950.mhd1 149.0 244.0 57.0 247
LKDS-00950.mhd2 149.0 243.0 58.0 247
LKDS-00951.mhd1 415.0 181.0 147.0 308
LKDS-00953.mhd1 386.0 265.0 90.0 309
LKDS-00954.mhd1 163.0 358.0 106.0 147
LKDS-00954.mhd2 312.0 336.0 97.0 147
LKDS-00956.mhd1 184.0 243.0 159.0 275
LKDS-00957.mhd1 320.0 195.0 137.0 469
LKDS-00961.mhd1 193.0 336.0 128.0 339
LKDS-00962.mhd1 438.0 251.0 407.0 535
LKDS-00964.mhd1 438.0 181.0 74.0 141
LKDS-00964.mhd2 424.0 239.0 81.0 141
LKDS-00964.mhd3 379.0 194.0 96.0 141
LKDS-00964.mhd4 141.0 283.0 108.0 141
LKDS-00964.mhd5 341.0 276.0 129.0 141
LKDS-00968.mhd1 350.0 334.0 307.0 446
LKDS-00969.mhd1 181.0 322.0 105.0 529
LKDS-00970.mhd1 114.0 249.0 56.0 113
LKDS-00973.mhd1 332.0 385.0 155.0 346
LKDS-00976.mhd1 204.0 222.0 94.0 265
LKDS-00976.mhd2 133.0 336.0 67.0 265
LKDS-00976.mhd3 392.0 275.0 142.0 265
LKDS-00976.mhd4 222.0 313.0 159.0 265
LKDS-00979.mhd1 206.0 244.0 148.0 441
LKDS-00981.mhd1 313.0 337.0 162.0 238
LKDS-00982.mhd1 391.0 198.0 226.0 569
LKDS-00983.mhd1 223.0 464.0 82.0 310
LKDS-00984.mhd1 179.0 296.0 200.0 441
LKDS-00985.mhd1 334.0 299.0 44.0 310
LKDS-00989.mhd1 135.0 266.0 123.0 294
LKDS-00990.mhd1 400.0 338.0 269.0 392
LKDS-00990.mhd2 158.0 283.0 97.0 392
LKDS-00991.mhd1 311.0 344.0 24.0 133
LKDS-00991.mhd2 117.0 358.0 23.0 133
LKDS-00991.mhd3 333.0 370.0 65.0 133
LKDS-00991.mhd4 403.0 300.0 67.0 133
LKDS-00994.mhd1 146.0 303.0 100.0 133
LKDS-00995.mhd1 329.0 307.0 100.0 464
LKDS-00996.mhd1 367.0 325.0 89.0 133
LKDS-00996.mhd2 364.0 351.0 86.0 133
LKDS-00997.mhd1 350.0 273.0 44.0 205
LKDS-00998.mhd1 145.0 256.0 205.0 241
LKDS-01000.mhd1 399.0 267.0 327.0 551
