LKDS-00334.mhd1 164.0 240.0 219.0 519
LKDS-00335.mhd1 94.0 269.0 322.0 357
LKDS-00336.mhd1 413.0 191.0 235.0 468
LKDS-00337.mhd1 178.0 331.0 85.0 448
LKDS-00339.mhd1 203.0 317.0 81.0 294
LKDS-00339.mhd2 159.0 167.0 167.0 294
LKDS-00342.mhd1 415.0 122.0 96.0 179
LKDS-00342.mhd2 112.0 222.0 98.0 179
LKDS-00342.mhd3 155.0 323.0 113.0 179
LKDS-00345.mhd1 134.0 239.0 178.0 330
LKDS-00348.mhd1 298.0 291.0 242.0 268
LKDS-00348.mhd2 398.0 303.0 167.0 268
LKDS-00348.mhd3 126.0 325.0 77.0 268
LKDS-00348.mhd4 332.0 230.0 207.0 268
LKDS-00348.mhd5 159.0 346.0 204.0 268
LKDS-00348.mhd6 191.0 315.0 212.0 268
LKDS-00348.mhd7 446.0 264.0 100.0 268
LKDS-00349.mhd1 347.0 332.0 45.0 125
LKDS-00349.mhd2 386.0 216.0 62.0 125
LKDS-00350.mhd1 140.0 298.0 210.0 274
LKDS-00356.mhd1 204.0 263.0 67.0 336
LKDS-00356.mhd2 143.0 263.0 127.0 336
LKDS-00357.mhd1 82.0 212.0 136.0 280
LKDS-00357.mhd2 322.0 359.0 103.0 280
LKDS-00358.mhd1 74.0 285.0 76.0 297
LKDS-00358.mhd2 88.0 289.0 130.0 297
LKDS-00359.mhd1 -160.0 -310.0 190.0 225
LKDS-00360.mhd1 358.0 357.0 83.0 187
LKDS-00360.mhd2 327.0 306.0 153.0 187
LKDS-00363.mhd1 109.0 194.0 110.0 261
LKDS-00363.mhd2 216.0 308.0 231.0 261
LKDS-00364.mhd1 393.0 287.0 106.0 201
LKDS-00364.mhd2 364.0 379.0 168.0 201
LKDS-00368.mhd1 423.0 364.0 68.0 172
LKDS-00369.mhd1 451.0 323.0 81.0 262
LKDS-00369.mhd2 91.0 155.0 88.0 262
LKDS-00369.mhd3 70.0 203.0 141.0 262
LKDS-00371.mhd1 131.0 295.0 172.0 269
LKDS-00374.mhd1 386.0 216.0 152.0 260
LKDS-00375.mhd1 90.0 227.0 200.0 335
LKDS-00378.mhd1 393.0 302.0 53.0 117
LKDS-00379.mhd1 321.0 269.0 52.0 345
LKDS-00379.mhd2 310.0 338.0 152.0 345
LKDS-00381.mhd1 168.0 376.0 375.0 489
LKDS-00388.mhd1 112.0 250.0 151.0 465
LKDS-00389.mhd1 -353.0 -203.0 180.0 262
LKDS-00390.mhd1 -379.0 -224.0 172.0 244
LKDS-00392.mhd1 337.0 361.0 134.0 577
LKDS-00392.mhd2 394.0 294.0 191.0 577
LKDS-00393.mhd1 427.0 313.0 122.0 241
LKDS-00393.mhd2 405.0 361.0 136.0 241
LKDS-00394.mhd1 173.0 206.0 161.0 419
LKDS-00395.mhd1 181.0 535.0 181.0 330
LKDS-00395.mhd2 562.0 539.0 197.0 330
LKDS-00396.mhd1 182.0 129.0 216.0 481
LKDS-00398.mhd1 182.0 344.0 108.0 320
LKDS-00402.mhd1 135.0 295.0 131.0 285
LKDS-00403.mhd1 229.0 263.0 209.0 236
LKDS-00405.mhd1 367.0 295.0 105.0 568
LKDS-00405.mhd2 365.0 352.0 209.0 568
LKDS-00406.mhd1 199.0 300.0 77.0 366
LKDS-00407.mhd1 343.0 321.0 352.0 590
LKDS-00408.mhd1 330.0 271.0 41.0 502
LKDS-00408.mhd2 191.0 293.0 69.0 502
LKDS-00408.mhd3 208.0 294.0 196.0 502
LKDS-00412.mhd1 142.0 255.0 136.0 330
LKDS-00413.mhd1 210.0 278.0 263.0 601
LKDS-00416.mhd1 163.0 280.0 58.0 298
LKDS-00418.mhd1 232.0 298.0 52.0 318
LKDS-00420.mhd1 142.0 283.0 77.0 133
LKDS-00421.mhd1 178.0 182.0 84.0 125
LKDS-00421.mhd2 191.0 145.0 91.0 125
LKDS-00423.mhd1 407.0 248.0 112.0 176
LKDS-00424.mhd1 173.0 191.0 166.0 426
LKDS-00426.mhd1 460.0 296.0 238.0 525
LKDS-00427.mhd1 144.0 125.0 205.0 438
LKDS-00428.mhd1 200.0 156.0 161.0 300
LKDS-00429.mhd1 392.0 294.0 110.0 283
LKDS-00429.mhd2 150.0 142.0 175.0 283
LKDS-00431.mhd1 313.0 169.0 155.0 244
LKDS-00434.mhd1 171.0 186.0 296.0 829
LKDS-00436.mhd1 323.0 224.0 70.0 305
LKDS-00440.mhd1 149.0 212.0 77.0 133
LKDS-00442.mhd1 172.0 207.0 66.0 314
LKDS-00442.mhd2 218.0 186.0 79.0 314
LKDS-00443.mhd1 391.0 296.0 63.0 336
LKDS-00445.mhd1 316.0 364.0 126.0 166
LKDS-00447.mhd1 347.0 392.0 197.0 296
LKDS-00448.mhd1 377.0 230.0 92.0 293
LKDS-00448.mhd2 136.0 306.0 168.0 293
LKDS-00450.mhd1 335.0 344.0 101.0 215
LKDS-00450.mhd2 380.0 341.0 113.0 215
LKDS-00450.mhd3 203.0 386.0 125.0 215
LKDS-00450.mhd4 214.0 357.0 149.0 215
LKDS-00451.mhd1 336.0 220.0 47.0 272
LKDS-00454.mhd1 114.0 300.0 142.0 380
LKDS-00456.mhd1 164.0 192.0 79.0 133
LKDS-00456.mhd2 338.0 243.0 95.0 133
LKDS-00457.mhd1 337.0 345.0 51.0 309
LKDS-00459.mhd1 185.0 149.0 55.0 117
LKDS-00459.mhd2 358.0 313.0 28.0 117
LKDS-00460.mhd1 140.0 323.0 151.0 625
LKDS-00461.mhd1 404.0 308.0 167.0 405
LKDS-00463.mhd1 411.0 242.0 228.0 304
LKDS-00465.mhd1 184.0 162.0 136.0 245
LKDS-00466.mhd1 383.0 302.0 145.0 497
LKDS-00467.mhd1 176.0 142.0 132.0 301
LKDS-00469.mhd1 349.0 263.0 167.0 492
LKDS-00470.mhd1 371.0 356.0 84.0 133
LKDS-00471.mhd1 384.0 285.0 130.0 314
LKDS-00472.mhd1 119.0 319.0 83.0 246
LKDS-00472.mhd2 148.0 192.0 107.0 246
LKDS-00473.mhd1 106.0 155.0 74.0 148
LKDS-00473.mhd2 99.0 306.0 60.0 148
LKDS-00473.mhd3 117.0 170.0 75.0 148
LKDS-00474.mhd1 104.0 336.0 304.0 503
LKDS-00475.mhd1 355.0 260.0 48.0 339
LKDS-00476.mhd1 42.0 269.0 209.0 558
LKDS-00476.mhd2 60.0 290.0 300.0 558
LKDS-00476.mhd3 150.0 100.0 298.0 558
LKDS-00476.mhd4 186.0 338.0 505.0 558
LKDS-00476.mhd5 196.0 349.0 494.0 558
LKDS-00477.mhd1 136.0 189.0 161.0 299
LKDS-00478.mhd1 100.0 279.0 200.0 429
LKDS-00478.mhd2 430.0 230.0 142.0 429
LKDS-00478.mhd3 369.0 227.0 230.0 429
LKDS-00480.mhd1 130.0 356.0 196.0 280
LKDS-00480.mhd2 108.0 255.0 145.0 280
LKDS-00480.mhd3 97.0 238.0 141.0 280
LKDS-00481.mhd1 353.0 183.0 145.0 329
LKDS-00482.mhd1 114.0 220.0 164.0 354
LKDS-00485.mhd1 103.0 137.0 210.0 335
LKDS-00486.mhd1 191.0 296.0 97.0 489
LKDS-00486.mhd2 201.0 333.0 301.0 489
LKDS-00487.mhd1 457.0 268.0 52.0 241
LKDS-00487.mhd2 462.0 324.0 53.0 241
LKDS-00487.mhd3 379.0 398.0 106.0 241
LKDS-00487.mhd4 193.0 265.0 217.0 241
LKDS-00488.mhd1 314.0 205.0 104.0 175
LKDS-00491.mhd1 157.0 193.0 283.0 497
LKDS-00492.mhd1 93.0 367.0 31.0 136
LKDS-00492.mhd2 188.0 380.0 17.0 136
LKDS-00493.mhd1 404.0 305.0 105.0 290
LKDS-00494.mhd1 126.0 266.0 112.0 180
LKDS-00494.mhd2 362.0 370.0 171.0 180
LKDS-00496.mhd1 199.0 298.0 56.0 275
LKDS-00497.mhd1 172.0 163.0 75.0 127
LKDS-00499.mhd1 141.0 212.0 91.0 241
LKDS-00503.mhd1 166.0 213.0 87.0 280
LKDS-00506.mhd1 182.0 384.0 182.0 375
LKDS-00506.mhd2 116.0 199.0 278.0 375
LKDS-00507.mhd1 197.0 363.0 84.0 389
LKDS-00509.mhd1 96.0 319.0 34.0 127
LKDS-00509.mhd2 70.0 324.0 41.0 127
LKDS-00509.mhd3 73.0 280.0 46.0 127
LKDS-00509.mhd4 428.0 323.0 49.0 127
LKDS-00509.mhd5 401.0 364.0 55.0 127
LKDS-00509.mhd6 119.0 181.0 67.0 127
LKDS-00511.mhd1 330.0 205.0 110.0 373
LKDS-00512.mhd1 354.0 279.0 121.0 143
LKDS-00513.mhd1 122.0 157.0 61.0 230
LKDS-00514.mhd1 385.0 307.0 117.0 304
LKDS-00515.mhd1 169.0 361.0 155.0 356
LKDS-00517.mhd1 120.0 321.0 164.0 360
LKDS-00519.mhd1 367.0 219.0 76.0 522
LKDS-00519.mhd2 349.0 282.0 228.0 522
LKDS-00521.mhd1 380.0 167.0 373.0 541
LKDS-00525.mhd1 357.0 276.0 74.0 114
LKDS-00527.mhd1 174.0 288.0 43.0 313
LKDS-00527.mhd2 327.0 241.0 67.0 313
LKDS-00528.mhd1 144.0 277.0 162.0 252
LKDS-00529.mhd1 341.0 349.0 128.0 305
LKDS-00530.mhd1 195.0 202.0 102.0 221
LKDS-00530.mhd2 374.0 335.0 93.0 221
LKDS-00531.mhd1 167.0 267.0 298.0 481
LKDS-00531.mhd2 322.0 273.0 348.0 481
LKDS-00533.mhd1 129.0 284.0 289.0 617
LKDS-00533.mhd2 437.0 180.0 325.0 617
LKDS-00534.mhd1 153.0 273.0 145.0 329
LKDS-00537.mhd1 341.0 342.0 92.0 330
LKDS-00540.mhd1 163.0 379.0 104.0 265
LKDS-00540.mhd2 447.0 217.0 125.0 265
LKDS-00541.mhd1 370.0 371.0 118.0 238
LKDS-00541.mhd2 148.0 359.0 129.0 238
LKDS-00544.mhd1 136.0 291.0 152.0 227
LKDS-00544.mhd2 372.0 193.0 133.0 227
LKDS-00545.mhd1 83.0 346.0 34.0 128
LKDS-00545.mhd2 147.0 235.0 37.0 128
LKDS-00545.mhd3 82.0 339.0 38.0 128
LKDS-00545.mhd4 79.0 220.0 42.0 128
LKDS-00545.mhd5 429.0 330.0 40.0 128
LKDS-00545.mhd6 376.0 366.0 48.0 128
LKDS-00546.mhd1 393.0 357.0 103.0 268
LKDS-00546.mhd2 427.0 277.0 106.0 268
LKDS-00549.mhd1 188.0 306.0 203.0 317
LKDS-00550.mhd1 207.0 240.0 404.0 458
LKDS-00550.mhd2 141.0 298.0 381.0 458
LKDS-00553.mhd1 57.0 219.0 84.0 215
LKDS-00553.mhd2 468.0 240.0 89.0 215
LKDS-00553.mhd3 400.0 159.0 108.0 215
LKDS-00555.mhd1 169.0 246.0 149.0 281
LKDS-00555.mhd2 119.0 329.0 136.0 281
LKDS-00556.mhd1 121.0 207.0 194.0 466
LKDS-00556.mhd2 144.0 389.0 326.0 466
LKDS-00558.mhd1 397.0 324.0 99.0 633
LKDS-00562.mhd1 180.0 347.0 166.0 308
LKDS-00562.mhd2 180.0 347.0 167.0 308
LKDS-00563.mhd1 378.0 331.0 244.0 517
LKDS-00565.mhd1 99.0 283.0 283.0 503
LKDS-00566.mhd1 300.0 260.0 113.0 133
LKDS-00567.mhd1 138.0 356.0 212.0 267
LKDS-00567.mhd2 98.0 157.0 184.0 267
LKDS-00571.mhd1 146.0 263.0 112.0 221
LKDS-00571.mhd2 204.0 312.0 154.0 221
LKDS-00571.mhd3 418.0 289.0 178.0 221
LKDS-00572.mhd1 328.0 276.0 38.0 186
LKDS-00573.mhd1 195.0 282.0 59.0 521
LKDS-00573.mhd2 195.0 281.0 61.0 521
LKDS-00574.mhd1 147.0 256.0 108.0 349
LKDS-00575.mhd1 387.0 338.0 133.0 280
LKDS-00578.mhd1 318.0 363.0 85.0 330
LKDS-00579.mhd1 405.0 267.0 70.0 361
LKDS-00582.mhd1 450.0 195.0 67.0 244
LKDS-00585.mhd1 221.0 280.0 48.0 257
LKDS-00585.mhd2 122.0 256.0 91.0 257
LKDS-00586.mhd1 149.0 274.0 158.0 301
LKDS-00587.mhd1 166.0 361.0 184.0 805
LKDS-00589.mhd1 400.0 345.0 51.0 421
LKDS-00589.mhd2 387.0 308.0 72.0 421
LKDS-00592.mhd1 167.0 207.0 329.0 436
LKDS-00593.mhd1 118.0 261.0 94.0 334
LKDS-00595.mhd1 136.0 240.0 244.0 429
LKDS-00595.mhd2 75.0 208.0 193.0 429
LKDS-00596.mhd1 168.0 221.0 111.0 459
LKDS-00598.mhd1 225.0 308.0 138.0 232
LKDS-00598.mhd2 362.0 304.0 162.0 232
LKDS-00598.mhd3 140.0 190.0 143.0 232
LKDS-00600.mhd1 196.0 346.0 61.0 320
LKDS-00601.mhd1 376.0 232.0 316.0 535
LKDS-00601.mhd2 157.0 359.0 92.0 535
LKDS-00601.mhd3 436.0 201.0 160.0 535
LKDS-00601.mhd4 193.0 418.0 316.0 535
LKDS-00603.mhd1 166.0 258.0 44.0 270
LKDS-00605.mhd1 310.0 330.0 182.0 324
LKDS-00608.mhd1 87.0 278.0 178.0 290
LKDS-00608.mhd2 201.0 397.0 161.0 290
LKDS-00608.mhd3 400.0 373.0 212.0 290
LKDS-00608.mhd4 351.0 417.0 160.0 290
LKDS-00608.mhd5 435.0 334.0 81.0 290
LKDS-00609.mhd1 136.0 341.0 123.0 261
LKDS-00611.mhd1 120.0 283.0 187.0 494
LKDS-00612.mhd1 138.0 316.0 221.0 553
LKDS-00614.mhd1 63.0 258.0 116.0 267
