LKDS-00615.mhd1 195.0 255.0 153.0 345
LKDS-00619.mhd1 323.0 218.0 91.0 304
LKDS-00620.mhd1 155.0 250.0 108.0 231
LKDS-00620.mhd2 144.0 333.0 70.0 231
LKDS-00622.mhd1 361.0 317.0 237.0 295
LKDS-00623.mhd1 130.0 247.0 112.0 232
LKDS-00624.mhd1 168.0 362.0 124.0 257
LKDS-00625.mhd1 357.0 343.0 131.0 263
LKDS-00625.mhd2 356.0 344.0 132.0 263
LKDS-00628.mhd1 159.0 285.0 275.0 539
LKDS-00629.mhd1 187.0 216.0 180.0 260
LKDS-00699.mhd1 134.0 397.0 133.0 315
LKDS-00699.mhd2 235.0 350.0 58.0 315
LKDS-00699.mhd3 381.0 401.0 75.0 315
LKDS-00699.mhd4 342.0 353.0 119.0 315
LKDS-00699.mhd5 128.0 384.0 63.0 315
LKDS-00700.mhd1 149.0 255.0 250.0 569
LKDS-00700.mhd2 89.0 280.0 285.0 569
LKDS-00701.mhd1 112.0 368.0 123.0 213
LKDS-00702.mhd1 124.0 318.0 107.0 265
LKDS-00702.mhd2 162.0 266.0 120.0 265
LKDS-00703.mhd1 413.0 311.0 428.0 525
LKDS-00703.mhd2 430.0 305.0 394.0 525
LKDS-00706.mhd1 322.0 268.0 37.0 336
LKDS-00707.mhd1 377.0 324.0 66.0 368
LKDS-00708.mhd1 114.0 244.0 74.0 130
LKDS-00709.mhd1 354.0 323.0 176.0 258
LKDS-00709.mhd2 382.0 309.0 173.0 258
LKDS-00710.mhd1 105.0 215.0 157.0 521
LKDS-00711.mhd1 126.0 238.0 262.0 482
LKDS-00711.mhd2 154.0 290.0 421.0 482
LKDS-00714.mhd1 305.0 304.0 80.0 245
LKDS-00714.mhd2 149.0 296.0 118.0 245
LKDS-00714.mhd3 363.0 277.0 173.0 245
LKDS-00716.mhd1 349.0 301.0 85.0 261
LKDS-00717.mhd1 185.0 351.0 56.0 133
LKDS-00717.mhd2 393.0 209.0 90.0 133
LKDS-00718.mhd1 330.0 368.0 426.0 538
LKDS-00718.mhd2 153.0 131.0 291.0 538
LKDS-00722.mhd1 137.0 318.0 63.0 389
LKDS-00723.mhd1 407.0 288.0 82.0 141
LKDS-00723.mhd2 377.0 362.0 108.0 141
LKDS-00725.mhd1 294.0 358.0 47.0 238
LKDS-00725.mhd2 342.0 260.0 197.0 238
LKDS-00727.mhd1 145.0 266.0 88.0 133
LKDS-00728.mhd1 391.0 270.0 215.0 359
LKDS-00730.mhd1 352.0 278.0 108.0 214
LKDS-00730.mhd2 374.0 213.0 111.0 214
LKDS-00730.mhd3 159.0 241.0 112.0 214
LKDS-00730.mhd4 145.0 179.0 126.0 214
LKDS-00730.mhd5 379.0 214.0 132.0 214
LKDS-00730.mhd6 100.0 275.0 137.0 214
LKDS-00730.mhd7 110.0 325.0 153.0 214
LKDS-00730.mhd8 365.0 274.0 160.0 214
LKDS-00730.mhd9 397.0 309.0 167.0 214
LKDS-00730.mhd10 386.0 282.0 169.0 214
LKDS-00730.mhd11 225.0 275.0 35.0 214
LKDS-00730.mhd12 381.0 232.0 86.0 214
LKDS-00730.mhd13 358.0 287.0 98.0 214
LKDS-00731.mhd1 281.0 457.0 32.0 280
LKDS-00732.mhd1 164.0 353.0 317.0 368
LKDS-00732.mhd2 155.0 194.0 204.0 368
LKDS-00732.mhd3 113.0 183.0 212.0 368
LKDS-00732.mhd4 120.0 194.0 176.0 368
LKDS-00733.mhd1 367.0 350.0 75.0 140
LKDS-00733.mhd2 308.0 198.0 83.0 140
LKDS-00733.mhd3 221.0 219.0 84.0 140
LKDS-00734.mhd1 345.0 377.0 78.0 331
LKDS-00739.mhd1 149.0 272.0 109.0 481
LKDS-00740.mhd1 153.0 254.0 84.0 662
LKDS-00630.mhd1 370.0 194.0 160.0 348
LKDS-00632.mhd1 210.0 236.0 169.0 311
LKDS-00632.mhd2 172.0 246.0 69.0 311
LKDS-00634.mhd1 363.0 245.0 117.0 324
LKDS-00634.mhd2 129.0 262.0 118.0 324
LKDS-00638.mhd1 166.0 189.0 96.0 271
LKDS-00639.mhd1 96.0 359.0 380.0 490
LKDS-00639.mhd2 145.0 400.0 305.0 490
LKDS-00640.mhd1 342.0 171.0 91.0 296
LKDS-00641.mhd1 143.0 396.0 157.0 275
LKDS-00643.mhd1 116.0 257.0 101.0 305
LKDS-00643.mhd2 116.0 255.0 103.0 305
LKDS-00643.mhd3 116.0 255.0 104.0 305
LKDS-00646.mhd1 125.0 273.0 106.0 164
LKDS-00647.mhd1 135.0 282.0 127.0 334
LKDS-00648.mhd1 428.0 280.0 114.0 244
LKDS-00648.mhd2 420.0 305.0 129.0 244
LKDS-00648.mhd3 256.0 224.0 139.0 244
LKDS-00649.mhd1 139.0 304.0 83.0 131
LKDS-00649.mhd2 167.0 341.0 83.0 131
LKDS-00650.mhd1 318.0 185.0 199.0 276
LKDS-00650.mhd2 407.0 335.0 103.0 276
LKDS-00650.mhd3 386.0 308.0 212.0 276
LKDS-00651.mhd1 170.0 431.0 304.0 536
LKDS-00651.mhd2 179.0 432.0 256.0 536
LKDS-00651.mhd3 311.0 326.0 499.0 536
LKDS-00651.mhd4 378.0 425.0 259.0 536
LKDS-00651.mhd5 385.0 182.0 420.0 536
LKDS-00653.mhd1 59.0 318.0 125.0 295
LKDS-00658.mhd1 122.0 208.0 184.0 452
LKDS-00660.mhd1 54.0 264.0 230.0 441
LKDS-00661.mhd1 125.0 170.0 111.0 268
LKDS-00661.mhd2 141.0 310.0 137.0 268
LKDS-00663.mhd1 101.0 213.0 132.0 276
LKDS-00666.mhd1 199.0 202.0 120.0 201
LKDS-00667.mhd1 134.0 255.0 191.0 397
LKDS-00668.mhd1 140.0 348.0 77.0 300
LKDS-00670.mhd1 162.0 184.0 141.0 329
LKDS-00671.mhd1 388.0 236.0 135.0 549
LKDS-00673.mhd1 126.0 305.0 87.0 278
LKDS-00674.mhd1 87.0 251.0 189.0 278
LKDS-00674.mhd2 160.0 312.0 245.0 278
LKDS-00675.mhd1 339.0 346.0 164.0 457
LKDS-00676.mhd1 165.0 256.0 66.0 238
LKDS-00677.mhd1 194.0 290.0 108.0 145
LKDS-00678.mhd1 161.0 284.0 242.0 456
LKDS-00681.mhd1 455.0 266.0 97.0 265
LKDS-00682.mhd1 115.0 332.0 228.0 280
LKDS-00683.mhd1 116.0 198.0 161.0 285
LKDS-00683.mhd2 82.0 341.0 86.0 285
LKDS-00684.mhd1 320.0 313.0 146.0 337
LKDS-00691.mhd1 120.0 288.0 376.0 465
LKDS-00692.mhd1 113.0 420.0 84.0 334
LKDS-00692.mhd2 112.0 349.0 104.0 334
LKDS-00692.mhd3 149.0 173.0 163.0 334
LKDS-00692.mhd4 92.0 217.0 215.0 334
LKDS-00692.mhd5 294.0 331.0 255.0 334
LKDS-00692.mhd6 114.0 331.0 176.0 334
LKDS-00692.mhd7 421.0 291.0 97.0 334
LKDS-00694.mhd1 437.0 295.0 77.0 187
LKDS-00694.mhd2 167.0 202.0 113.0 187
LKDS-00694.mhd3 407.0 187.0 125.0 187
LKDS-00694.mhd4 213.0 282.0 156.0 187
LKDS-00694.mhd5 295.0 294.0 157.0 187
LKDS-00696.mhd1 108.0 206.0 258.0 351
LKDS-00696.mhd2 359.0 123.0 171.0 351
LKDS-00697.mhd1 358.0 355.0 110.0 271
LKDS-00698.mhd1 301.0 281.0 57.0 329
LKDS-00698.mhd2 293.0 292.0 58.0 329
LKDS-00742.mhd1 113.0 236.0 236.0 308
LKDS-00744.mhd1 188.0 208.0 94.0 128
LKDS-00745.mhd1 358.0 393.0 141.0 250
LKDS-00745.mhd2 384.0 279.0 151.0 250
LKDS-00745.mhd3 196.0 337.0 26.0 250
LKDS-00745.mhd4 165.0 329.0 44.0 250
LKDS-00745.mhd5 157.0 348.0 47.0 250
LKDS-00746.mhd1 125.0 372.0 83.0 136
LKDS-00746.mhd2 168.0 369.0 40.0 136
LKDS-00750.mhd1 391.0 254.0 141.0 297
LKDS-00752.mhd1 342.0 256.0 105.0 401
LKDS-00755.mhd1 151.0 345.0 150.0 345
LKDS-00756.mhd1 364.0 366.0 61.0 210
LKDS-00756.mhd2 137.0 330.0 75.0 210
LKDS-00756.mhd3 360.0 279.0 95.0 210
LKDS-00757.mhd1 441.0 276.0 97.0 220
LKDS-00757.mhd2 164.0 372.0 118.0 220
LKDS-00759.mhd1 149.0 150.0 265.0 477
LKDS-00759.mhd2 303.0 349.0 94.0 477
LKDS-00760.mhd1 337.0 318.0 56.0 159
LKDS-00762.mhd1 181.0 335.0 62.0 335
LKDS-00762.mhd2 397.0 338.0 190.0 335
LKDS-00762.mhd3 423.0 312.0 230.0 335
LKDS-00763.mhd1 358.0 279.0 101.0 465
LKDS-00764.mhd1 159.0 122.0 148.0 321
LKDS-00767.mhd1 397.0 263.0 322.0 469
LKDS-00768.mhd1 205.0 394.0 47.0 131
LKDS-00771.mhd1 103.0 224.0 93.0 171
LKDS-00771.mhd2 127.0 342.0 132.0 171
LKDS-00772.mhd1 383.0 336.0 39.0 123
LKDS-00772.mhd2 286.0 298.0 88.0 123
LKDS-00772.mhd3 332.0 201.0 90.0 123
LKDS-00772.mhd4 341.0 360.0 91.0 123
LKDS-00772.mhd5 398.0 242.0 69.0 123
LKDS-00773.mhd1 119.0 245.0 108.0 212
LKDS-00775.mhd1 193.0 222.0 135.0 376
LKDS-00776.mhd1 385.0 322.0 177.0 249
LKDS-00776.mhd2 294.0 392.0 146.0 249
LKDS-00776.mhd3 395.0 346.0 109.0 249
LKDS-00777.mhd1 394.0 207.0 116.0 360
LKDS-00777.mhd2 399.0 274.0 165.0 360
LKDS-00778.mhd1 185.0 319.0 165.0 397
LKDS-00780.mhd1 381.0 334.0 272.0 469
LKDS-00781.mhd1 102.0 306.0 133.0 235
LKDS-00782.mhd1 135.0 255.0 329.0 525
LKDS-00783.mhd1 370.0 318.0 19.0 245
LKDS-00784.mhd1 417.0 252.0 258.0 500
LKDS-00788.mhd1 150.0 202.0 95.0 319
LKDS-00789.mhd1 116.0 351.0 158.0 267
LKDS-00790.mhd1 382.0 372.0 177.0 321
LKDS-00795.mhd1 164.0 285.0 118.0 355
LKDS-00796.mhd1 68.0 263.0 213.0 538
LKDS-00796.mhd2 397.0 355.0 223.0 538
LKDS-00796.mhd3 415.0 297.0 268.0 538
LKDS-00797.mhd1 309.0 223.0 74.0 582
LKDS-00798.mhd1 357.0 369.0 184.0 252
LKDS-00798.mhd2 96.0 369.0 109.0 252
LKDS-00801.mhd1 150.0 178.0 80.0 241
LKDS-00803.mhd1 128.0 312.0 87.0 292
LKDS-00805.mhd1 358.0 383.0 94.0 261
LKDS-00807.mhd1 341.0 278.0 68.0 344
LKDS-00807.mhd2 199.0 352.0 99.0 344
LKDS-00807.mhd3 105.0 234.0 115.0 344
LKDS-00807.mhd4 89.0 266.0 173.0 344
LKDS-00808.mhd1 317.0 235.0 118.0 137
LKDS-00809.mhd1 446.0 205.0 181.0 490
LKDS-00811.mhd1 365.0 345.0 170.0 513
LKDS-00813.mhd1 137.0 313.0 202.0 505
