LKDS-00001.mhd1 162.0 195.0 144.0 281
LKDS-00003.mhd1 165.0 163.0 289.0 593
LKDS-00003.mhd2 151.0 287.0 293.0 593
LKDS-00004.mhd1 155.0 324.0 144.0 325
LKDS-00005.mhd1 35.0 249.0 149.0 419
LKDS-00007.mhd1 205.0 355.0 91.0 649
LKDS-00011.mhd1 354.0 396.0 137.0 253
LKDS-00013.mhd1 218.0 325.0 131.0 379
LKDS-00015.mhd1 198.0 355.0 28.0 389
LKDS-00016.mhd1 111.0 214.0 134.0 509
LKDS-00016.mhd2 425.0 248.0 198.0 509
LKDS-00016.mhd3 400.0 267.0 229.0 509
LKDS-00019.mhd1 163.0 119.0 99.0 240
LKDS-00019.mhd2 351.0 235.0 211.0 240
LKDS-00020.mhd1 357.0 317.0 106.0 221
LKDS-00020.mhd2 167.0 160.0 111.0 221
LKDS-00020.mhd3 118.0 346.0 116.0 221
LKDS-00020.mhd4 88.0 288.0 133.0 221
LKDS-00020.mhd5 113.0 172.0 145.0 221
LKDS-00020.mhd6 433.0 332.0 168.0 221
LKDS-00020.mhd7 147.0 272.0 39.0 221
LKDS-00020.mhd8 413.0 257.0 82.0 221
LKDS-00020.mhd9 375.0 247.0 84.0 221
LKDS-00020.mhd10 391.0 218.0 88.0 221
LKDS-00020.mhd11 125.0 227.0 90.0 221
LKDS-00021.mhd1 104.0 318.0 304.0 441
LKDS-00023.mhd1 89.0 312.0 142.0 197
LKDS-00023.mhd2 357.0 354.0 153.0 197
LKDS-00025.mhd1 111.0 284.0 79.0 133
LKDS-00026.mhd1 412.0 130.0 192.0 477
LKDS-00026.mhd2 427.0 313.0 289.0 477
LKDS-00028.mhd1 59.0 294.0 94.0 325
LKDS-00029.mhd1 427.0 317.0 170.0 449
LKDS-00030.mhd1 161.0 164.0 141.0 334
LKDS-00034.mhd1 113.0 170.0 119.0 192
LKDS-00035.mhd1 360.0 224.0 55.0 524
LKDS-00035.mhd2 361.0 224.0 56.0 524
LKDS-00036.mhd1 94.0 176.0 186.0 270
LKDS-00038.mhd1 430.0 152.0 159.0 481
LKDS-00039.mhd1 348.0 232.0 84.0 272
LKDS-00039.mhd2 158.0 309.0 229.0 272
LKDS-00040.mhd1 376.0 319.0 165.0 329
LKDS-00041.mhd1 181.0 319.0 148.0 181
LKDS-00042.mhd1 410.0 215.0 281.0 564
LKDS-00043.mhd1 172.0 326.0 94.0 139
LKDS-00044.mhd1 286.0 302.0 214.0 280
LKDS-00047.mhd1 111.0 281.0 92.0 336
LKDS-00047.mhd2 92.0 244.0 98.0 336
LKDS-00050.mhd1 381.0 381.0 226.0 356
LKDS-00051.mhd1 146.0 306.0 207.0 461
LKDS-00052.mhd1 -165.0 -166.0 89.0 220
LKDS-00052.mhd2 -350.0 -214.0 169.0 220
LKDS-00052.mhd3 -376.0 -289.0 158.0 220
LKDS-00052.mhd4 -334.0 -207.0 144.0 220
LKDS-00052.mhd5 -314.0 -206.0 98.0 220
LKDS-00052.mhd6 -386.0 -257.0 76.0 220
LKDS-00053.mhd1 375.0 298.0 111.0 291
LKDS-00054.mhd1 91.0 176.0 85.0 164
LKDS-00054.mhd2 378.0 364.0 78.0 164
LKDS-00054.mhd3 90.0 275.0 77.0 164
LKDS-00054.mhd4 443.0 250.0 62.0 164
LKDS-00054.mhd5 402.0 166.0 55.0 164
LKDS-00058.mhd1 125.0 198.0 202.0 385
LKDS-00061.mhd1 341.0 349.0 237.0 281
LKDS-00062.mhd1 91.0 194.0 66.0 163
LKDS-00062.mhd2 386.0 213.0 60.0 163
LKDS-00064.mhd1 226.0 316.0 391.0 541
LKDS-00064.mhd2 221.0 298.0 440.0 541
LKDS-00065.mhd1 326.0 173.0 184.0 450
LKDS-00065.mhd2 326.0 174.0 185.0 450
LKDS-00066.mhd1 397.0 227.0 200.0 338
LKDS-00068.mhd1 62.0 306.0 239.0 545
LKDS-00073.mhd1 112.0 363.0 185.0 280
LKDS-00074.mhd1 203.0 316.0 223.0 290
LKDS-00075.mhd1 351.0 338.0 76.0 326
LKDS-00076.mhd1 369.0 313.0 71.0 246
LKDS-00077.mhd1 368.0 322.0 257.0 469
LKDS-00078.mhd1 119.0 242.0 124.0 320
LKDS-00078.mhd2 119.0 261.0 127.0 320
LKDS-00078.mhd3 144.0 274.0 137.0 320
LKDS-00078.mhd4 422.0 367.0 224.0 320
LKDS-00079.mhd1 150.0 276.0 58.0 341
LKDS-00081.mhd1 368.0 281.0 125.0 508
LKDS-00083.mhd1 202.0 332.0 111.0 331
LKDS-00084.mhd1 391.0 378.0 187.0 429
LKDS-00084.mhd2 388.0 377.0 158.0 429
LKDS-00085.mhd1 196.0 338.0 138.0 379
LKDS-00085.mhd2 103.0 325.0 149.0 379
LKDS-00088.mhd1 160.0 310.0 93.0 314
LKDS-00089.mhd1 152.0 202.0 83.0 418
LKDS-00090.mhd1 146.0 234.0 68.0 307
LKDS-00091.mhd1 405.0 323.0 289.0 521
LKDS-00092.mhd1 182.0 321.0 148.0 263
LKDS-00093.mhd1 318.0 295.0 83.0 266
LKDS-00093.mhd2 128.0 263.0 143.0 266
LKDS-00095.mhd1 370.0 237.0 116.0 531
LKDS-00096.mhd1 163.0 279.0 120.0 473
LKDS-00096.mhd2 419.0 315.0 257.0 473
LKDS-00096.mhd3 161.0 276.0 281.0 473
LKDS-00099.mhd1 147.0 307.0 81.0 133
LKDS-00100.mhd1 155.0 141.0 214.0 477
LKDS-00101.mhd1 344.0 285.0 37.0 335
LKDS-00102.mhd1 164.0 202.0 194.0 435
LKDS-00104.mhd1 445.0 271.0 58.0 187
LKDS-00104.mhd2 91.0 289.0 73.0 187
LKDS-00105.mhd1 205.0 249.0 84.0 279
LKDS-00107.mhd1 317.0 285.0 87.0 503
LKDS-00108.mhd1 334.0 266.0 92.0 551
LKDS-00109.mhd1 129.0 266.0 67.0 109
LKDS-00110.mhd1 161.0 258.0 119.0 253
LKDS-00111.mhd1 203.0 319.0 250.0 376
LKDS-00112.mhd1 453.0 273.0 45.0 198
LKDS-00112.mhd2 463.0 245.0 71.0 198
LKDS-00114.mhd1 107.0 338.0 57.0 133
LKDS-00114.mhd2 290.0 283.0 111.0 133
LKDS-00116.mhd1 57.0 285.0 60.0 127
LKDS-00117.mhd1 120.0 272.0 294.0 485
LKDS-00118.mhd1 413.0 298.0 174.0 497
LKDS-00118.mhd2 136.0 191.0 333.0 497
LKDS-00119.mhd1 191.0 408.0 109.0 240
LKDS-00120.mhd1 351.0 367.0 175.0 300
LKDS-00122.mhd1 112.0 337.0 147.0 285
LKDS-00126.mhd1 345.0 305.0 83.0 577
LKDS-00127.mhd1 411.0 259.0 380.0 514
LKDS-00129.mhd1 88.0 219.0 161.0 295
LKDS-00129.mhd2 104.0 263.0 169.0 295
LKDS-00129.mhd3 147.0 340.0 235.0 295
LKDS-00133.mhd1 306.0 355.0 153.0 371
LKDS-00134.mhd1 364.0 134.0 52.0 133
LKDS-00134.mhd2 167.0 167.0 72.0 133
LKDS-00134.mhd3 353.0 272.0 84.0 133
LKDS-00135.mhd1 386.0 320.0 188.0 318
LKDS-00135.mhd2 360.0 300.0 206.0 318
LKDS-00135.mhd3 343.0 360.0 237.0 318
LKDS-00136.mhd1 398.0 146.0 290.0 519
LKDS-00137.mhd1 67.0 238.0 497.0 619
LKDS-00137.mhd2 66.0 238.0 498.0 619
LKDS-00140.mhd1 155.0 255.0 190.0 341
LKDS-00142.mhd1 345.0 316.0 41.0 145
LKDS-00144.mhd1 142.0 315.0 103.0 569
LKDS-00147.mhd1 382.0 302.0 262.0 340
LKDS-00149.mhd1 134.0 222.0 184.0 521
LKDS-00150.mhd1 317.0 340.0 58.0 372
LKDS-00151.mhd1 166.0 296.0 200.0 421
LKDS-00152.mhd1 303.0 314.0 52.0 417
LKDS-00152.mhd2 164.0 294.0 126.0 417
LKDS-00154.mhd1 184.0 374.0 43.0 290
LKDS-00154.mhd2 308.0 329.0 55.0 290
LKDS-00156.mhd1 133.0 384.0 60.0 116
LKDS-00160.mhd1 419.0 184.0 82.0 156
LKDS-00160.mhd2 85.0 198.0 71.0 156
LKDS-00160.mhd3 157.0 136.0 45.0 156
LKDS-00160.mhd4 179.0 370.0 52.0 156
LKDS-00160.mhd5 156.0 261.0 63.0 156
LKDS-00162.mhd1 162.0 334.0 113.0 371
LKDS-00165.mhd1 130.0 181.0 165.0 406
LKDS-00168.mhd1 147.0 279.0 302.0 385
LKDS-00169.mhd1 162.0 203.0 133.0 263
LKDS-00171.mhd1 390.0 320.0 111.0 152
LKDS-00173.mhd1 131.0 289.0 307.0 375
LKDS-00173.mhd2 158.0 323.0 278.0 375
LKDS-00175.mhd1 204.0 365.0 97.0 226
LKDS-00176.mhd1 452.0 199.0 55.0 471
LKDS-00178.mhd1 167.0 373.0 227.0 521
LKDS-00178.mhd2 119.0 223.0 242.0 521
LKDS-00180.mhd1 383.0 231.0 219.0 593
LKDS-00181.mhd1 408.0 292.0 218.0 425
LKDS-00183.mhd1 353.0 286.0 33.0 123
LKDS-00184.mhd1 180.0 341.0 165.0 257
LKDS-00185.mhd1 310.0 266.0 80.0 115
LKDS-00187.mhd1 165.0 309.0 79.0 133
LKDS-00188.mhd1 154.0 328.0 93.0 262
LKDS-00189.mhd1 399.0 284.0 276.0 541
LKDS-00191.mhd1 163.0 340.0 43.0 180
LKDS-00192.mhd1 309.0 292.0 71.0 343
LKDS-00193.mhd1 363.0 299.0 144.0 426
LKDS-00194.mhd1 408.0 304.0 123.0 311
LKDS-00195.mhd1 126.0 279.0 227.0 549
LKDS-00196.mhd1 157.0 141.0 167.0 266
LKDS-00198.mhd1 318.0 242.0 47.0 304
LKDS-00200.mhd1 411.0 261.0 101.0 261
LKDS-00200.mhd2 322.0 320.0 69.0 261
LKDS-00203.mhd1 412.0 218.0 183.0 335
LKDS-00204.mhd1 354.0 247.0 89.0 331
LKDS-00207.mhd1 409.0 158.0 332.0 605
LKDS-00212.mhd1 105.0 308.0 417.0 514
LKDS-00213.mhd1 351.0 252.0 76.0 510
LKDS-00214.mhd1 366.0 264.0 525.0 672
LKDS-00216.mhd1 137.0 225.0 117.0 270
LKDS-00217.mhd1 148.0 205.0 112.0 329
LKDS-00218.mhd1 318.0 309.0 106.0 308
LKDS-00219.mhd1 128.0 199.0 108.0 260
LKDS-00219.mhd2 172.0 298.0 67.0 260
LKDS-00220.mhd1 149.0 143.0 215.0 477
LKDS-00223.mhd1 178.0 267.0 48.0 123
LKDS-00223.mhd2 288.0 366.0 78.0 123
LKDS-00223.mhd3 301.0 348.0 42.0 123
LKDS-00225.mhd1 120.0 179.0 111.0 381
LKDS-00227.mhd1 442.0 371.0 91.0 261
LKDS-00229.mhd1 97.0 207.0 303.0 537
LKDS-00230.mhd1 179.0 292.0 88.0 349
LKDS-00232.mhd1 378.0 174.0 76.0 137
LKDS-00235.mhd1 112.0 307.0 289.0 557
LKDS-00235.mhd2 201.0 192.0 339.0 557
LKDS-00236.mhd1 140.0 328.0 158.0 401
LKDS-00237.mhd1 341.0 328.0 108.0 127
LKDS-00238.mhd1 152.0 249.0 354.0 913
LKDS-00240.mhd1 102.0 260.0 106.0 359
LKDS-00242.mhd1 208.0 238.0 199.0 292
LKDS-00242.mhd2 176.0 311.0 81.0 292
LKDS-00244.mhd1 168.0 246.0 79.0 334
LKDS-00246.mhd1 128.0 177.0 215.0 474
LKDS-00247.mhd1 127.0 229.0 119.0 362
LKDS-00249.mhd1 348.0 286.0 129.0 575
LKDS-00253.mhd1 363.0 160.0 248.0 513
LKDS-00254.mhd1 387.0 196.0 149.0 263
LKDS-00254.mhd2 388.0 196.0 150.0 263
LKDS-00254.mhd3 103.0 269.0 184.0 263
LKDS-00256.mhd1 120.0 285.0 142.0 251
LKDS-00256.mhd2 283.0 292.0 139.0 251
LKDS-00257.mhd1 354.0 314.0 255.0 449
LKDS-00257.mhd2 117.0 225.0 291.0 449
LKDS-00260.mhd1 397.0 353.0 157.0 206
LKDS-00261.mhd1 353.0 262.0 238.0 268
LKDS-00261.mhd2 351.0 332.0 251.0 268
LKDS-00261.mhd3 337.0 325.0 253.0 268
LKDS-00263.mhd1 363.0 300.0 254.0 510
LKDS-00264.mhd1 121.0 345.0 210.0 272
LKDS-00267.mhd1 127.0 192.0 301.0 439
LKDS-00269.mhd1 372.0 318.0 99.0 429
LKDS-00270.mhd1 79.0 350.0 233.0 443
LKDS-00272.mhd1 371.0 209.0 288.0 401
LKDS-00273.mhd1 329.0 282.0 42.0 220
LKDS-00275.mhd1 226.0 281.0 76.0 276
LKDS-00275.mhd2 336.0 310.0 183.0 276
LKDS-00277.mhd1 311.0 281.0 40.0 242
LKDS-00278.mhd1 422.0 290.0 183.0 374
LKDS-00278.mhd2 421.0 290.0 184.0 374
LKDS-00279.mhd1 210.0 325.0 24.0 341
LKDS-00279.mhd2 336.0 364.0 288.0 341
LKDS-00280.mhd1 126.0 299.0 260.0 503
LKDS-00280.mhd2 188.0 328.0 305.0 503
LKDS-00280.mhd3 159.0 219.0 356.0 503
LKDS-00281.mhd1 136.0 291.0 84.0 157
LKDS-00283.mhd1 130.0 180.0 228.0 493
LKDS-00283.mhd2 196.0 179.0 216.0 493
LKDS-00283.mhd3 140.0 216.0 263.0 493
LKDS-00283.mhd4 418.0 363.0 204.0 493
LKDS-00283.mhd5 109.0 398.0 196.0 493
LKDS-00284.mhd1 355.0 214.0 98.0 324
LKDS-00286.mhd1 154.0 260.0 175.0 373
LKDS-00287.mhd1 338.0 360.0 267.0 548
LKDS-00289.mhd1 357.0 282.0 77.0 133
LKDS-00289.mhd2 291.0 365.0 83.0 133
LKDS-00289.mhd3 329.0 263.0 91.0 133
LKDS-00289.mhd4 297.0 237.0 108.0 133
LKDS-00290.mhd1 190.0 234.0 111.0 236
LKDS-00290.mhd2 364.0 321.0 114.0 236
LKDS-00290.mhd3 97.0 280.0 118.0 236
LKDS-00290.mhd4 125.0 324.0 123.0 236
LKDS-00290.mhd5 153.0 280.0 46.0 236
LKDS-00290.mhd6 193.0 341.0 57.0 236
LKDS-00290.mhd7 155.0 238.0 76.0 236
LKDS-00291.mhd1 386.0 356.0 315.0 425
LKDS-00292.mhd1 412.0 241.0 36.0 111
LKDS-00292.mhd2 197.0 173.0 47.0 111
LKDS-00293.mhd1 361.0 145.0 64.0 133
LKDS-00293.mhd2 118.0 227.0 67.0 133
LKDS-00293.mhd3 178.0 365.0 68.0 133
LKDS-00293.mhd4 337.0 145.0 69.0 133
LKDS-00293.mhd5 170.0 201.0 72.0 133
LKDS-00293.mhd6 342.0 368.0 67.0 133
LKDS-00293.mhd7 326.0 362.0 66.0 133
LKDS-00293.mhd8 361.0 169.0 69.0 133
LKDS-00294.mhd1 397.0 288.0 135.0 300
LKDS-00294.mhd2 160.0 275.0 82.0 300
LKDS-00295.mhd1 324.0 386.0 89.0 241
LKDS-00296.mhd1 129.0 275.0 98.0 529
LKDS-00297.mhd1 295.0 346.0 177.0 269
LKDS-00299.mhd1 -331.0 -192.0 172.0 210
LKDS-00301.mhd1 360.0 200.0 134.0 661
LKDS-00302.mhd1 187.0 299.0 410.0 633
LKDS-00303.mhd1 170.0 338.0 117.0 404
LKDS-00304.mhd1 168.0 310.0 165.0 516
LKDS-00304.mhd2 439.0 267.0 302.0 516
LKDS-00306.mhd1 196.0 340.0 60.0 398
LKDS-00306.mhd2 360.0 338.0 94.0 398
LKDS-00307.mhd1 337.0 349.0 107.0 356
LKDS-00307.mhd2 377.0 291.0 213.0 356
LKDS-00312.mhd1 152.0 363.0 382.0 545
LKDS-00312.mhd2 361.0 239.0 421.0 545
LKDS-00312.mhd3 455.0 264.0 201.0 545
LKDS-00314.mhd1 124.0 130.0 236.0 312
LKDS-00315.mhd1 359.0 325.0 242.0 487
LKDS-00319.mhd1 139.0 305.0 66.0 284
LKDS-00320.mhd1 274.0 293.0 226.0 246
LKDS-00321.mhd1 206.0 315.0 179.0 326
LKDS-00323.mhd1 126.0 175.0 141.0 268
LKDS-00325.mhd1 348.0 359.0 89.0 310
LKDS-00326.mhd1 179.0 358.0 54.0 293
LKDS-00326.mhd2 142.0 365.0 116.0 293
LKDS-00331.mhd1 202.0 300.0 36.0 221
LKDS-00333.mhd1 177.0 130.0 66.0 200
LKDS-00333.mhd2 400.0 169.0 97.0 200
LKDS-00334.mhd1 164.0 240.0 219.0 519
LKDS-00335.mhd1 94.0 269.0 322.0 357
LKDS-00336.mhd1 413.0 191.0 235.0 468
LKDS-00337.mhd1 178.0 331.0 85.0 448
LKDS-00339.mhd1 203.0 317.0 81.0 294
LKDS-00339.mhd2 159.0 167.0 167.0 294
LKDS-00342.mhd1 415.0 122.0 96.0 179
LKDS-00342.mhd2 112.0 222.0 98.0 179
LKDS-00342.mhd3 155.0 323.0 113.0 179
LKDS-00345.mhd1 134.0 239.0 178.0 330
LKDS-00348.mhd1 298.0 291.0 242.0 268
LKDS-00348.mhd2 398.0 303.0 167.0 268
LKDS-00348.mhd3 126.0 325.0 77.0 268
LKDS-00348.mhd4 332.0 230.0 207.0 268
LKDS-00348.mhd5 159.0 346.0 204.0 268
LKDS-00348.mhd6 191.0 315.0 212.0 268
LKDS-00348.mhd7 446.0 264.0 100.0 268
LKDS-00349.mhd1 347.0 332.0 45.0 125
LKDS-00349.mhd2 386.0 216.0 62.0 125
LKDS-00350.mhd1 140.0 298.0 210.0 274
LKDS-00356.mhd1 204.0 263.0 67.0 336
LKDS-00356.mhd2 143.0 263.0 127.0 336
LKDS-00357.mhd1 82.0 212.0 136.0 280
LKDS-00357.mhd2 322.0 359.0 103.0 280
LKDS-00358.mhd1 74.0 285.0 76.0 297
LKDS-00358.mhd2 88.0 289.0 130.0 297
LKDS-00359.mhd1 -160.0 -310.0 190.0 225
LKDS-00360.mhd1 358.0 357.0 83.0 187
LKDS-00360.mhd2 327.0 306.0 153.0 187
LKDS-00363.mhd1 109.0 194.0 110.0 261
LKDS-00363.mhd2 216.0 308.0 231.0 261
LKDS-00364.mhd1 393.0 287.0 106.0 201
LKDS-00364.mhd2 364.0 379.0 168.0 201
LKDS-00368.mhd1 423.0 364.0 68.0 172
LKDS-00369.mhd1 451.0 323.0 81.0 262
LKDS-00369.mhd2 91.0 155.0 88.0 262
LKDS-00369.mhd3 70.0 203.0 141.0 262
LKDS-00371.mhd1 131.0 295.0 172.0 269
LKDS-00374.mhd1 386.0 216.0 152.0 260
LKDS-00375.mhd1 90.0 227.0 200.0 335
LKDS-00378.mhd1 393.0 302.0 53.0 117
LKDS-00379.mhd1 321.0 269.0 52.0 345
LKDS-00379.mhd2 310.0 338.0 152.0 345
LKDS-00381.mhd1 168.0 376.0 375.0 489
LKDS-00388.mhd1 112.0 250.0 151.0 465
LKDS-00389.mhd1 -353.0 -203.0 180.0 262
LKDS-00390.mhd1 -379.0 -224.0 172.0 244
LKDS-00392.mhd1 337.0 361.0 134.0 577
LKDS-00392.mhd2 394.0 294.0 191.0 577
LKDS-00393.mhd1 427.0 313.0 122.0 241
LKDS-00393.mhd2 405.0 361.0 136.0 241
LKDS-00394.mhd1 173.0 206.0 161.0 419
LKDS-00395.mhd1 181.0 535.0 181.0 330
LKDS-00395.mhd2 562.0 539.0 197.0 330
LKDS-00396.mhd1 182.0 129.0 216.0 481
LKDS-00398.mhd1 182.0 344.0 108.0 320
LKDS-00402.mhd1 135.0 295.0 131.0 285
LKDS-00403.mhd1 229.0 263.0 209.0 236
LKDS-00405.mhd1 367.0 295.0 105.0 568
LKDS-00405.mhd2 365.0 352.0 209.0 568
LKDS-00406.mhd1 199.0 300.0 77.0 366
LKDS-00407.mhd1 343.0 321.0 352.0 590
LKDS-00408.mhd1 330.0 271.0 41.0 502
LKDS-00408.mhd2 191.0 293.0 69.0 502
LKDS-00408.mhd3 208.0 294.0 196.0 502
LKDS-00412.mhd1 142.0 255.0 136.0 330
LKDS-00413.mhd1 210.0 278.0 263.0 601
LKDS-00416.mhd1 163.0 280.0 58.0 298
LKDS-00418.mhd1 232.0 298.0 52.0 318
LKDS-00420.mhd1 142.0 283.0 77.0 133
LKDS-00421.mhd1 178.0 182.0 84.0 125
LKDS-00421.mhd2 191.0 145.0 91.0 125
LKDS-00423.mhd1 407.0 248.0 112.0 176
LKDS-00424.mhd1 173.0 191.0 166.0 426
LKDS-00426.mhd1 460.0 296.0 238.0 525
LKDS-00427.mhd1 144.0 125.0 205.0 438
LKDS-00428.mhd1 200.0 156.0 161.0 300
LKDS-00429.mhd1 392.0 294.0 110.0 283
LKDS-00429.mhd2 150.0 142.0 175.0 283
LKDS-00431.mhd1 313.0 169.0 155.0 244
LKDS-00434.mhd1 171.0 186.0 296.0 829
LKDS-00436.mhd1 323.0 224.0 70.0 305
LKDS-00440.mhd1 149.0 212.0 77.0 133
LKDS-00442.mhd1 172.0 207.0 66.0 314
LKDS-00442.mhd2 218.0 186.0 79.0 314
LKDS-00443.mhd1 391.0 296.0 63.0 336
LKDS-00445.mhd1 316.0 364.0 126.0 166
LKDS-00447.mhd1 347.0 392.0 197.0 296
LKDS-00448.mhd1 377.0 230.0 92.0 293
LKDS-00448.mhd2 136.0 306.0 168.0 293
LKDS-00450.mhd1 335.0 344.0 101.0 215
LKDS-00450.mhd2 380.0 341.0 113.0 215
LKDS-00450.mhd3 203.0 386.0 125.0 215
LKDS-00450.mhd4 214.0 357.0 149.0 215
LKDS-00451.mhd1 336.0 220.0 47.0 272
LKDS-00454.mhd1 114.0 300.0 142.0 380
LKDS-00456.mhd1 164.0 192.0 79.0 133
LKDS-00456.mhd2 338.0 243.0 95.0 133
LKDS-00457.mhd1 337.0 345.0 51.0 309
LKDS-00459.mhd1 185.0 149.0 55.0 117
LKDS-00459.mhd2 358.0 313.0 28.0 117
LKDS-00460.mhd1 140.0 323.0 151.0 625
LKDS-00461.mhd1 404.0 308.0 167.0 405
LKDS-00463.mhd1 411.0 242.0 228.0 304
LKDS-00465.mhd1 184.0 162.0 136.0 245
LKDS-00466.mhd1 383.0 302.0 145.0 497
LKDS-00467.mhd1 176.0 142.0 132.0 301
LKDS-00469.mhd1 349.0 263.0 167.0 492
LKDS-00470.mhd1 371.0 356.0 84.0 133
LKDS-00471.mhd1 384.0 285.0 130.0 314
LKDS-00472.mhd1 119.0 319.0 83.0 246
LKDS-00472.mhd2 148.0 192.0 107.0 246
LKDS-00473.mhd1 106.0 155.0 74.0 148
LKDS-00473.mhd2 99.0 306.0 60.0 148
LKDS-00473.mhd3 117.0 170.0 75.0 148
LKDS-00474.mhd1 104.0 336.0 304.0 503
LKDS-00475.mhd1 355.0 260.0 48.0 339
LKDS-00476.mhd1 42.0 269.0 209.0 558
LKDS-00476.mhd2 60.0 290.0 300.0 558
LKDS-00476.mhd3 150.0 100.0 298.0 558
LKDS-00476.mhd4 186.0 338.0 505.0 558
LKDS-00476.mhd5 196.0 349.0 494.0 558
LKDS-00477.mhd1 136.0 189.0 161.0 299
LKDS-00478.mhd1 100.0 279.0 200.0 429
LKDS-00478.mhd2 430.0 230.0 142.0 429
LKDS-00478.mhd3 369.0 227.0 230.0 429
LKDS-00480.mhd1 130.0 356.0 196.0 280
LKDS-00480.mhd2 108.0 255.0 145.0 280
LKDS-00480.mhd3 97.0 238.0 141.0 280
LKDS-00481.mhd1 353.0 183.0 145.0 329
LKDS-00482.mhd1 114.0 220.0 164.0 354
LKDS-00485.mhd1 103.0 137.0 210.0 335
LKDS-00486.mhd1 191.0 296.0 97.0 489
LKDS-00486.mhd2 201.0 333.0 301.0 489
LKDS-00487.mhd1 457.0 268.0 52.0 241
LKDS-00487.mhd2 462.0 324.0 53.0 241
LKDS-00487.mhd3 379.0 398.0 106.0 241
LKDS-00487.mhd4 193.0 265.0 217.0 241
LKDS-00488.mhd1 314.0 205.0 104.0 175
LKDS-00491.mhd1 157.0 193.0 283.0 497
LKDS-00492.mhd1 93.0 367.0 31.0 136
LKDS-00492.mhd2 188.0 380.0 17.0 136
LKDS-00493.mhd1 404.0 305.0 105.0 290
LKDS-00494.mhd1 126.0 266.0 112.0 180
LKDS-00494.mhd2 362.0 370.0 171.0 180
LKDS-00496.mhd1 199.0 298.0 56.0 275
LKDS-00497.mhd1 172.0 163.0 75.0 127
LKDS-00499.mhd1 141.0 212.0 91.0 241
LKDS-00503.mhd1 166.0 213.0 87.0 280
LKDS-00506.mhd1 182.0 384.0 182.0 375
LKDS-00506.mhd2 116.0 199.0 278.0 375
LKDS-00507.mhd1 197.0 363.0 84.0 389
LKDS-00509.mhd1 96.0 319.0 34.0 127
LKDS-00509.mhd2 70.0 324.0 41.0 127
LKDS-00509.mhd3 73.0 280.0 46.0 127
LKDS-00509.mhd4 428.0 323.0 49.0 127
LKDS-00509.mhd5 401.0 364.0 55.0 127
LKDS-00509.mhd6 119.0 181.0 67.0 127
LKDS-00511.mhd1 330.0 205.0 110.0 373
LKDS-00512.mhd1 354.0 279.0 121.0 143
LKDS-00513.mhd1 122.0 157.0 61.0 230
LKDS-00514.mhd1 385.0 307.0 117.0 304
LKDS-00515.mhd1 169.0 361.0 155.0 356
LKDS-00517.mhd1 120.0 321.0 164.0 360
LKDS-00519.mhd1 367.0 219.0 76.0 522
LKDS-00519.mhd2 349.0 282.0 228.0 522
LKDS-00521.mhd1 380.0 167.0 373.0 541
LKDS-00525.mhd1 357.0 276.0 74.0 114
LKDS-00527.mhd1 174.0 288.0 43.0 313
LKDS-00527.mhd2 327.0 241.0 67.0 313
LKDS-00528.mhd1 144.0 277.0 162.0 252
LKDS-00529.mhd1 341.0 349.0 128.0 305
LKDS-00530.mhd1 195.0 202.0 102.0 221
LKDS-00530.mhd2 374.0 335.0 93.0 221
LKDS-00531.mhd1 167.0 267.0 298.0 481
LKDS-00531.mhd2 322.0 273.0 348.0 481
LKDS-00533.mhd1 129.0 284.0 289.0 617
LKDS-00533.mhd2 437.0 180.0 325.0 617
LKDS-00534.mhd1 153.0 273.0 145.0 329
LKDS-00537.mhd1 341.0 342.0 92.0 330
LKDS-00540.mhd1 163.0 379.0 104.0 265
LKDS-00540.mhd2 447.0 217.0 125.0 265
LKDS-00541.mhd1 370.0 371.0 118.0 238
LKDS-00541.mhd2 148.0 359.0 129.0 238
LKDS-00544.mhd1 136.0 291.0 152.0 227
LKDS-00544.mhd2 372.0 193.0 133.0 227
LKDS-00545.mhd1 83.0 346.0 34.0 128
LKDS-00545.mhd2 147.0 235.0 37.0 128
LKDS-00545.mhd3 82.0 339.0 38.0 128
LKDS-00545.mhd4 79.0 220.0 42.0 128
LKDS-00545.mhd5 429.0 330.0 40.0 128
LKDS-00545.mhd6 376.0 366.0 48.0 128
LKDS-00546.mhd1 393.0 357.0 103.0 268
LKDS-00546.mhd2 427.0 277.0 106.0 268
LKDS-00549.mhd1 188.0 306.0 203.0 317
LKDS-00550.mhd1 207.0 240.0 404.0 458
LKDS-00550.mhd2 141.0 298.0 381.0 458
LKDS-00553.mhd1 57.0 219.0 84.0 215
LKDS-00553.mhd2 468.0 240.0 89.0 215
LKDS-00553.mhd3 400.0 159.0 108.0 215
LKDS-00555.mhd1 169.0 246.0 149.0 281
LKDS-00555.mhd2 119.0 329.0 136.0 281
LKDS-00556.mhd1 121.0 207.0 194.0 466
LKDS-00556.mhd2 144.0 389.0 326.0 466
LKDS-00558.mhd1 397.0 324.0 99.0 633
LKDS-00562.mhd1 180.0 347.0 166.0 308
LKDS-00562.mhd2 180.0 347.0 167.0 308
LKDS-00563.mhd1 378.0 331.0 244.0 517
LKDS-00565.mhd1 99.0 283.0 283.0 503
LKDS-00566.mhd1 300.0 260.0 113.0 133
LKDS-00567.mhd1 138.0 356.0 212.0 267
LKDS-00567.mhd2 98.0 157.0 184.0 267
LKDS-00571.mhd1 146.0 263.0 112.0 221
LKDS-00571.mhd2 204.0 312.0 154.0 221
LKDS-00571.mhd3 418.0 289.0 178.0 221
LKDS-00572.mhd1 328.0 276.0 38.0 186
LKDS-00573.mhd1 195.0 282.0 59.0 521
LKDS-00573.mhd2 195.0 281.0 61.0 521
LKDS-00574.mhd1 147.0 256.0 108.0 349
LKDS-00575.mhd1 387.0 338.0 133.0 280
LKDS-00578.mhd1 318.0 363.0 85.0 330
LKDS-00579.mhd1 405.0 267.0 70.0 361
LKDS-00582.mhd1 450.0 195.0 67.0 244
LKDS-00585.mhd1 221.0 280.0 48.0 257
LKDS-00585.mhd2 122.0 256.0 91.0 257
LKDS-00586.mhd1 149.0 274.0 158.0 301
LKDS-00587.mhd1 166.0 361.0 184.0 805
LKDS-00589.mhd1 400.0 345.0 51.0 421
LKDS-00589.mhd2 387.0 308.0 72.0 421
LKDS-00592.mhd1 167.0 207.0 329.0 436
LKDS-00593.mhd1 118.0 261.0 94.0 334
LKDS-00595.mhd1 136.0 240.0 244.0 429
LKDS-00595.mhd2 75.0 208.0 193.0 429
LKDS-00596.mhd1 168.0 221.0 111.0 459
LKDS-00598.mhd1 225.0 308.0 138.0 232
LKDS-00598.mhd2 362.0 304.0 162.0 232
LKDS-00598.mhd3 140.0 190.0 143.0 232
LKDS-00600.mhd1 196.0 346.0 61.0 320
LKDS-00601.mhd1 376.0 232.0 316.0 535
LKDS-00601.mhd2 157.0 359.0 92.0 535
LKDS-00601.mhd3 436.0 201.0 160.0 535
LKDS-00601.mhd4 193.0 418.0 316.0 535
LKDS-00603.mhd1 166.0 258.0 44.0 270
LKDS-00605.mhd1 310.0 330.0 182.0 324
LKDS-00608.mhd1 87.0 278.0 178.0 290
LKDS-00608.mhd2 201.0 397.0 161.0 290
LKDS-00608.mhd3 400.0 373.0 212.0 290
LKDS-00608.mhd4 351.0 417.0 160.0 290
LKDS-00608.mhd5 435.0 334.0 81.0 290
LKDS-00609.mhd1 136.0 341.0 123.0 261
LKDS-00611.mhd1 120.0 283.0 187.0 494
LKDS-00612.mhd1 138.0 316.0 221.0 553
LKDS-00614.mhd1 63.0 258.0 116.0 267
LKDS-00615.mhd1 195.0 255.0 153.0 345
LKDS-00619.mhd1 323.0 218.0 91.0 304
LKDS-00620.mhd1 155.0 250.0 108.0 231
LKDS-00620.mhd2 144.0 333.0 70.0 231
LKDS-00622.mhd1 361.0 317.0 237.0 295
LKDS-00623.mhd1 130.0 247.0 112.0 232
LKDS-00624.mhd1 168.0 362.0 124.0 257
LKDS-00625.mhd1 357.0 343.0 131.0 263
LKDS-00625.mhd2 356.0 344.0 132.0 263
LKDS-00628.mhd1 159.0 285.0 275.0 539
LKDS-00629.mhd1 187.0 216.0 180.0 260
LKDS-00699.mhd1 134.0 397.0 133.0 315
LKDS-00699.mhd2 235.0 350.0 58.0 315
LKDS-00699.mhd3 381.0 401.0 75.0 315
LKDS-00699.mhd4 342.0 353.0 119.0 315
LKDS-00699.mhd5 128.0 384.0 63.0 315
LKDS-00700.mhd1 149.0 255.0 250.0 569
LKDS-00700.mhd2 89.0 280.0 285.0 569
LKDS-00701.mhd1 112.0 368.0 123.0 213
LKDS-00702.mhd1 124.0 318.0 107.0 265
LKDS-00702.mhd2 162.0 266.0 120.0 265
LKDS-00703.mhd1 413.0 311.0 428.0 525
LKDS-00703.mhd2 430.0 305.0 394.0 525
LKDS-00706.mhd1 322.0 268.0 37.0 336
LKDS-00707.mhd1 377.0 324.0 66.0 368
LKDS-00708.mhd1 114.0 244.0 74.0 130
LKDS-00709.mhd1 354.0 323.0 176.0 258
LKDS-00709.mhd2 382.0 309.0 173.0 258
LKDS-00710.mhd1 105.0 215.0 157.0 521
LKDS-00711.mhd1 126.0 238.0 262.0 482
LKDS-00711.mhd2 154.0 290.0 421.0 482
LKDS-00714.mhd1 305.0 304.0 80.0 245
LKDS-00714.mhd2 149.0 296.0 118.0 245
LKDS-00714.mhd3 363.0 277.0 173.0 245
LKDS-00716.mhd1 349.0 301.0 85.0 261
LKDS-00717.mhd1 185.0 351.0 56.0 133
LKDS-00717.mhd2 393.0 209.0 90.0 133
LKDS-00718.mhd1 330.0 368.0 426.0 538
LKDS-00718.mhd2 153.0 131.0 291.0 538
LKDS-00722.mhd1 137.0 318.0 63.0 389
LKDS-00723.mhd1 407.0 288.0 82.0 141
LKDS-00723.mhd2 377.0 362.0 108.0 141
LKDS-00725.mhd1 294.0 358.0 47.0 238
LKDS-00725.mhd2 342.0 260.0 197.0 238
LKDS-00727.mhd1 145.0 266.0 88.0 133
LKDS-00728.mhd1 391.0 270.0 215.0 359
LKDS-00730.mhd1 352.0 278.0 108.0 214
LKDS-00730.mhd2 374.0 213.0 111.0 214
LKDS-00730.mhd3 159.0 241.0 112.0 214
LKDS-00730.mhd4 145.0 179.0 126.0 214
LKDS-00730.mhd5 379.0 214.0 132.0 214
LKDS-00730.mhd6 100.0 275.0 137.0 214
LKDS-00730.mhd7 110.0 325.0 153.0 214
LKDS-00730.mhd8 365.0 274.0 160.0 214
LKDS-00730.mhd9 397.0 309.0 167.0 214
LKDS-00730.mhd10 386.0 282.0 169.0 214
LKDS-00730.mhd11 225.0 275.0 35.0 214
LKDS-00730.mhd12 381.0 232.0 86.0 214
LKDS-00730.mhd13 358.0 287.0 98.0 214
LKDS-00731.mhd1 281.0 457.0 32.0 280
LKDS-00732.mhd1 164.0 353.0 317.0 368
LKDS-00732.mhd2 155.0 194.0 204.0 368
LKDS-00732.mhd3 113.0 183.0 212.0 368
LKDS-00732.mhd4 120.0 194.0 176.0 368
LKDS-00733.mhd1 367.0 350.0 75.0 140
LKDS-00733.mhd2 308.0 198.0 83.0 140
LKDS-00733.mhd3 221.0 219.0 84.0 140
LKDS-00734.mhd1 345.0 377.0 78.0 331
LKDS-00739.mhd1 149.0 272.0 109.0 481
LKDS-00740.mhd1 153.0 254.0 84.0 662
LKDS-00630.mhd1 370.0 194.0 160.0 348
LKDS-00632.mhd1 210.0 236.0 169.0 311
LKDS-00632.mhd2 172.0 246.0 69.0 311
LKDS-00634.mhd1 363.0 245.0 117.0 324
LKDS-00634.mhd2 129.0 262.0 118.0 324
LKDS-00638.mhd1 166.0 189.0 96.0 271
LKDS-00639.mhd1 96.0 359.0 380.0 490
LKDS-00639.mhd2 145.0 400.0 305.0 490
LKDS-00640.mhd1 342.0 171.0 91.0 296
LKDS-00641.mhd1 143.0 396.0 157.0 275
LKDS-00643.mhd1 116.0 257.0 101.0 305
LKDS-00643.mhd2 116.0 255.0 103.0 305
LKDS-00643.mhd3 116.0 255.0 104.0 305
LKDS-00646.mhd1 125.0 273.0 106.0 164
LKDS-00647.mhd1 135.0 282.0 127.0 334
LKDS-00648.mhd1 428.0 280.0 114.0 244
LKDS-00648.mhd2 420.0 305.0 129.0 244
LKDS-00648.mhd3 256.0 224.0 139.0 244
LKDS-00649.mhd1 139.0 304.0 83.0 131
LKDS-00649.mhd2 167.0 341.0 83.0 131
LKDS-00650.mhd1 318.0 185.0 199.0 276
LKDS-00650.mhd2 407.0 335.0 103.0 276
LKDS-00650.mhd3 386.0 308.0 212.0 276
LKDS-00651.mhd1 170.0 431.0 304.0 536
LKDS-00651.mhd2 179.0 432.0 256.0 536
LKDS-00651.mhd3 311.0 326.0 499.0 536
LKDS-00651.mhd4 378.0 425.0 259.0 536
LKDS-00651.mhd5 385.0 182.0 420.0 536
LKDS-00653.mhd1 59.0 318.0 125.0 295
LKDS-00658.mhd1 122.0 208.0 184.0 452
LKDS-00660.mhd1 54.0 264.0 230.0 441
LKDS-00661.mhd1 125.0 170.0 111.0 268
LKDS-00661.mhd2 141.0 310.0 137.0 268
LKDS-00663.mhd1 101.0 213.0 132.0 276
LKDS-00666.mhd1 199.0 202.0 120.0 201
LKDS-00667.mhd1 134.0 255.0 191.0 397
LKDS-00668.mhd1 140.0 348.0 77.0 300
LKDS-00670.mhd1 162.0 184.0 141.0 329
LKDS-00671.mhd1 388.0 236.0 135.0 549
LKDS-00673.mhd1 126.0 305.0 87.0 278
LKDS-00674.mhd1 87.0 251.0 189.0 278
LKDS-00674.mhd2 160.0 312.0 245.0 278
LKDS-00675.mhd1 339.0 346.0 164.0 457
LKDS-00676.mhd1 165.0 256.0 66.0 238
LKDS-00677.mhd1 194.0 290.0 108.0 145
LKDS-00678.mhd1 161.0 284.0 242.0 456
LKDS-00681.mhd1 455.0 266.0 97.0 265
LKDS-00682.mhd1 115.0 332.0 228.0 280
LKDS-00683.mhd1 116.0 198.0 161.0 285
LKDS-00683.mhd2 82.0 341.0 86.0 285
LKDS-00684.mhd1 320.0 313.0 146.0 337
LKDS-00691.mhd1 120.0 288.0 376.0 465
LKDS-00692.mhd1 113.0 420.0 84.0 334
LKDS-00692.mhd2 112.0 349.0 104.0 334
LKDS-00692.mhd3 149.0 173.0 163.0 334
LKDS-00692.mhd4 92.0 217.0 215.0 334
LKDS-00692.mhd5 294.0 331.0 255.0 334
LKDS-00692.mhd6 114.0 331.0 176.0 334
LKDS-00692.mhd7 421.0 291.0 97.0 334
LKDS-00694.mhd1 437.0 295.0 77.0 187
LKDS-00694.mhd2 167.0 202.0 113.0 187
LKDS-00694.mhd3 407.0 187.0 125.0 187
LKDS-00694.mhd4 213.0 282.0 156.0 187
LKDS-00694.mhd5 295.0 294.0 157.0 187
LKDS-00696.mhd1 108.0 206.0 258.0 351
LKDS-00696.mhd2 359.0 123.0 171.0 351
LKDS-00697.mhd1 358.0 355.0 110.0 271
LKDS-00698.mhd1 301.0 281.0 57.0 329
LKDS-00698.mhd2 293.0 292.0 58.0 329
LKDS-00742.mhd1 113.0 236.0 236.0 308
LKDS-00744.mhd1 188.0 208.0 94.0 128
LKDS-00745.mhd1 358.0 393.0 141.0 250
LKDS-00745.mhd2 384.0 279.0 151.0 250
LKDS-00745.mhd3 196.0 337.0 26.0 250
LKDS-00745.mhd4 165.0 329.0 44.0 250
LKDS-00745.mhd5 157.0 348.0 47.0 250
LKDS-00746.mhd1 125.0 372.0 83.0 136
LKDS-00746.mhd2 168.0 369.0 40.0 136
LKDS-00750.mhd1 391.0 254.0 141.0 297
LKDS-00752.mhd1 342.0 256.0 105.0 401
LKDS-00755.mhd1 151.0 345.0 150.0 345
LKDS-00756.mhd1 364.0 366.0 61.0 210
LKDS-00756.mhd2 137.0 330.0 75.0 210
LKDS-00756.mhd3 360.0 279.0 95.0 210
LKDS-00757.mhd1 441.0 276.0 97.0 220
LKDS-00757.mhd2 164.0 372.0 118.0 220
LKDS-00759.mhd1 149.0 150.0 265.0 477
LKDS-00759.mhd2 303.0 349.0 94.0 477
LKDS-00760.mhd1 337.0 318.0 56.0 159
LKDS-00762.mhd1 181.0 335.0 62.0 335
LKDS-00762.mhd2 397.0 338.0 190.0 335
LKDS-00762.mhd3 423.0 312.0 230.0 335
LKDS-00763.mhd1 358.0 279.0 101.0 465
LKDS-00764.mhd1 159.0 122.0 148.0 321
LKDS-00767.mhd1 397.0 263.0 322.0 469
LKDS-00768.mhd1 205.0 394.0 47.0 131
LKDS-00771.mhd1 103.0 224.0 93.0 171
LKDS-00771.mhd2 127.0 342.0 132.0 171
LKDS-00772.mhd1 383.0 336.0 39.0 123
LKDS-00772.mhd2 286.0 298.0 88.0 123
LKDS-00772.mhd3 332.0 201.0 90.0 123
LKDS-00772.mhd4 341.0 360.0 91.0 123
LKDS-00772.mhd5 398.0 242.0 69.0 123
LKDS-00773.mhd1 119.0 245.0 108.0 212
LKDS-00775.mhd1 193.0 222.0 135.0 376
LKDS-00776.mhd1 385.0 322.0 177.0 249
LKDS-00776.mhd2 294.0 392.0 146.0 249
LKDS-00776.mhd3 395.0 346.0 109.0 249
LKDS-00777.mhd1 394.0 207.0 116.0 360
LKDS-00777.mhd2 399.0 274.0 165.0 360
LKDS-00778.mhd1 185.0 319.0 165.0 397
LKDS-00780.mhd1 381.0 334.0 272.0 469
LKDS-00781.mhd1 102.0 306.0 133.0 235
LKDS-00782.mhd1 135.0 255.0 329.0 525
LKDS-00783.mhd1 370.0 318.0 19.0 245
LKDS-00784.mhd1 417.0 252.0 258.0 500
LKDS-00788.mhd1 150.0 202.0 95.0 319
LKDS-00789.mhd1 116.0 351.0 158.0 267
LKDS-00790.mhd1 382.0 372.0 177.0 321
LKDS-00795.mhd1 164.0 285.0 118.0 355
LKDS-00796.mhd1 68.0 263.0 213.0 538
LKDS-00796.mhd2 397.0 355.0 223.0 538
LKDS-00796.mhd3 415.0 297.0 268.0 538
LKDS-00797.mhd1 309.0 223.0 74.0 582
LKDS-00798.mhd1 357.0 369.0 184.0 252
LKDS-00798.mhd2 96.0 369.0 109.0 252
LKDS-00801.mhd1 150.0 178.0 80.0 241
LKDS-00803.mhd1 128.0 312.0 87.0 292
LKDS-00805.mhd1 358.0 383.0 94.0 261
LKDS-00807.mhd1 341.0 278.0 68.0 344
LKDS-00807.mhd2 199.0 352.0 99.0 344
LKDS-00807.mhd3 105.0 234.0 115.0 344
LKDS-00807.mhd4 89.0 266.0 173.0 344
LKDS-00808.mhd1 317.0 235.0 118.0 137
LKDS-00809.mhd1 446.0 205.0 181.0 490
LKDS-00811.mhd1 365.0 345.0 170.0 513
LKDS-00813.mhd1 137.0 313.0 202.0 505
LKDS-00814.mhd1 278.0 331.0 54.0 319
LKDS-00815.mhd1 175.0 158.0 115.0 238
LKDS-00816.mhd1 159.0 222.0 109.0 232
LKDS-00816.mhd2 381.0 327.0 169.0 232
LKDS-00816.mhd3 206.0 343.0 193.0 232
LKDS-00817.mhd1 322.0 275.0 102.0 569
LKDS-00819.mhd1 98.0 217.0 202.0 333
LKDS-00819.mhd2 161.0 352.0 98.0 333
LKDS-00819.mhd3 130.0 333.0 193.0 333
LKDS-00820.mhd1 100.0 387.0 43.0 121
LKDS-00821.mhd1 136.0 350.0 123.0 337
LKDS-00823.mhd1 405.0 320.0 77.0 300
LKDS-00824.mhd1 131.0 255.0 170.0 985
LKDS-00825.mhd1 374.0 258.0 117.0 423
LKDS-00826.mhd1 164.0 297.0 118.0 487
LKDS-00826.mhd2 165.0 297.0 119.0 487
LKDS-00826.mhd3 163.0 296.0 120.0 487
LKDS-00827.mhd1 150.0 187.0 213.0 558
LKDS-00829.mhd1 400.0 212.0 160.0 221
LKDS-00830.mhd1 114.0 314.0 143.0 305
LKDS-00831.mhd1 215.0 353.0 293.0 474
LKDS-00831.mhd2 361.0 269.0 416.0 474
LKDS-00832.mhd1 384.0 301.0 84.0 472
LKDS-00833.mhd1 178.0 293.0 97.0 379
LKDS-00834.mhd1 100.0 259.0 263.0 536
LKDS-00835.mhd1 418.0 269.0 89.0 191
LKDS-00835.mhd2 124.0 393.0 96.0 191
LKDS-00835.mhd3 111.0 228.0 106.0 191
LKDS-00835.mhd4 359.0 294.0 137.0 191
LKDS-00836.mhd1 152.0 198.0 212.0 334
LKDS-00837.mhd1 335.0 248.0 218.0 613
LKDS-00838.mhd1 373.0 339.0 142.0 311
LKDS-00839.mhd1 346.0 229.0 69.0 423
LKDS-00839.mhd2 171.0 285.0 86.0 423
LKDS-00839.mhd3 150.0 313.0 121.0 423
LKDS-00841.mhd1 209.0 250.0 78.0 109
LKDS-00843.mhd1 129.0 329.0 96.0 233
LKDS-00844.mhd1 169.0 356.0 209.0 438
LKDS-00845.mhd1 124.0 299.0 99.0 133
LKDS-00845.mhd2 396.0 225.0 87.0 133
LKDS-00846.mhd1 362.0 318.0 149.0 381
LKDS-00847.mhd1 188.0 326.0 164.0 361
LKDS-00847.mhd2 171.0 350.0 164.0 361
LKDS-00848.mhd1 184.0 372.0 512.0 590
LKDS-00848.mhd2 357.0 233.0 363.0 590
LKDS-00852.mhd1 202.0 268.0 236.0 553
LKDS-00855.mhd1 406.0 219.0 147.0 253
LKDS-00855.mhd2 356.0 364.0 127.0 253
LKDS-00855.mhd3 327.0 277.0 54.0 253
LKDS-00855.mhd4 358.0 337.0 50.0 253
LKDS-00855.mhd5 213.0 337.0 126.0 253
LKDS-00855.mhd6 204.0 215.0 119.0 253
LKDS-00855.mhd7 215.0 201.0 163.0 253
LKDS-00855.mhd8 246.0 307.0 113.0 253
LKDS-00855.mhd9 216.0 363.0 92.0 253
LKDS-00855.mhd10 188.0 355.0 65.0 253
LKDS-00855.mhd11 178.0 172.0 81.0 253
LKDS-00855.mhd12 408.0 178.0 95.0 253
LKDS-00856.mhd1 185.0 267.0 113.0 324
LKDS-00856.mhd2 365.0 305.0 141.0 324
LKDS-00857.mhd1 213.0 300.0 161.0 461
LKDS-00859.mhd1 137.0 349.0 144.0 244
LKDS-00859.mhd2 91.0 287.0 143.0 244
LKDS-00859.mhd3 101.0 359.0 129.0 244
LKDS-00859.mhd4 77.0 364.0 128.0 244
LKDS-00859.mhd5 96.0 373.0 120.0 244
LKDS-00862.mhd1 213.0 167.0 86.0 133
LKDS-00862.mhd2 381.0 254.0 73.0 133
LKDS-00862.mhd3 406.0 297.0 56.0 133
LKDS-00863.mhd1 119.0 196.0 73.0 137
LKDS-00865.mhd1 186.0 277.0 59.0 266
LKDS-00865.mhd2 191.0 331.0 60.0 266
LKDS-00865.mhd3 345.0 274.0 69.0 266
LKDS-00866.mhd1 427.0 303.0 80.0 246
LKDS-00866.mhd2 425.0 271.0 103.0 246
LKDS-00866.mhd3 290.0 392.0 133.0 246
LKDS-00867.mhd1 454.0 291.0 82.0 166
LKDS-00867.mhd2 379.0 293.0 136.0 166
LKDS-00868.mhd1 139.0 266.0 129.0 287
LKDS-00870.mhd1 140.0 151.0 272.0 519
LKDS-00870.mhd2 202.0 154.0 198.0 519
LKDS-00873.mhd1 120.0 214.0 166.0 319
LKDS-00875.mhd1 170.0 288.0 205.0 280
LKDS-00876.mhd1 231.0 322.0 163.0 245
LKDS-00878.mhd1 405.0 297.0 136.0 232
LKDS-00878.mhd2 191.0 370.0 176.0 232
LKDS-00878.mhd3 168.0 370.0 190.0 232
LKDS-00878.mhd4 328.0 373.0 191.0 232
LKDS-00878.mhd5 392.0 215.0 163.0 232
LKDS-00879.mhd1 151.0 213.0 108.0 479
LKDS-00879.mhd2 379.0 229.0 209.0 479
LKDS-00879.mhd3 355.0 342.0 328.0 479
LKDS-00880.mhd1 112.0 326.0 58.0 119
LKDS-00880.mhd2 389.0 342.0 69.0 119
LKDS-00882.mhd1 95.0 209.0 249.0 359
LKDS-00884.mhd1 105.0 324.0 256.0 322
LKDS-00885.mhd1 170.0 199.0 169.0 314
LKDS-00886.mhd1 355.0 228.0 67.0 390
LKDS-00887.mhd1 168.0 318.0 153.0 356
LKDS-00888.mhd1 154.0 283.0 80.0 287
LKDS-00890.mhd1 139.0 260.0 122.0 291
LKDS-00891.mhd1 171.0 326.0 178.0 331
LKDS-00892.mhd1 186.0 241.0 107.0 130
LKDS-00893.mhd1 -287.0 -219.0 131.0 205
LKDS-00893.mhd2 -83.0 -258.0 88.0 205
LKDS-00893.mhd3 -79.0 -275.0 79.0 205
LKDS-00893.mhd4 -92.0 -318.0 55.0 205
LKDS-00893.mhd5 -118.0 -295.0 120.0 205
LKDS-00894.mhd1 381.0 325.0 20.0 212
LKDS-00896.mhd1 157.0 257.0 378.0 452
LKDS-00897.mhd1 379.0 341.0 341.0 445
LKDS-00898.mhd1 170.0 223.0 60.0 211
LKDS-00899.mhd1 117.0 354.0 370.0 483
LKDS-00900.mhd1 321.0 337.0 48.0 149
LKDS-00901.mhd1 205.0 353.0 163.0 557
LKDS-00901.mhd2 185.0 339.0 214.0 557
LKDS-00901.mhd3 395.0 325.0 304.0 557
LKDS-00904.mhd1 371.0 333.0 176.0 365
LKDS-00906.mhd1 317.0 326.0 5.0 196
LKDS-00906.mhd2 198.0 176.0 93.0 196
LKDS-00911.mhd1 142.0 306.0 272.0 513
LKDS-00912.mhd1 170.0 355.0 210.0 326
LKDS-00912.mhd2 228.0 287.0 269.0 326
LKDS-00912.mhd3 178.0 340.0 276.0 326
LKDS-00912.mhd4 376.0 289.0 289.0 326
LKDS-00912.mhd5 198.0 242.0 286.0 326
LKDS-00912.mhd6 292.0 322.0 248.0 326
LKDS-00914.mhd1 126.0 162.0 310.0 506
LKDS-00914.mhd2 42.0 265.0 203.0 506
LKDS-00914.mhd3 462.0 294.0 183.0 506
LKDS-00915.mhd1 187.0 329.0 183.0 245
LKDS-00915.mhd2 129.0 336.0 90.0 245
LKDS-00915.mhd3 146.0 315.0 132.0 245
LKDS-00915.mhd4 358.0 375.0 123.0 245
LKDS-00917.mhd1 135.0 364.0 115.0 235
LKDS-00917.mhd2 195.0 329.0 33.0 235
LKDS-00917.mhd3 128.0 262.0 34.0 235
LKDS-00918.mhd1 131.0 274.0 47.0 236
LKDS-00919.mhd1 186.0 169.0 303.0 460
LKDS-00921.mhd1 198.0 222.0 182.0 440
LKDS-00921.mhd2 420.0 280.0 272.0 440
LKDS-00921.mhd3 403.0 170.0 296.0 440
LKDS-00923.mhd1 143.0 223.0 149.0 270
LKDS-00924.mhd1 67.0 245.0 145.0 338
LKDS-00924.mhd2 114.0 265.0 283.0 338
LKDS-00930.mhd1 162.0 342.0 66.0 279
LKDS-00931.mhd1 179.0 207.0 101.0 197
LKDS-00931.mhd2 195.0 321.0 153.0 197
LKDS-00931.mhd3 176.0 274.0 161.0 197
LKDS-00931.mhd4 393.0 226.0 59.0 197
LKDS-00933.mhd1 157.0 306.0 72.0 263
LKDS-00933.mhd2 360.0 316.0 73.0 263
LKDS-00935.mhd1 32.0 266.0 53.0 300
LKDS-00936.mhd1 124.0 204.0 117.0 324
LKDS-00937.mhd1 188.0 355.0 25.0 218
LKDS-00937.mhd2 170.0 352.0 45.0 218
LKDS-00937.mhd3 162.0 338.0 60.0 218
LKDS-00939.mhd1 385.0 270.0 89.0 157
LKDS-00941.mhd1 338.0 340.0 101.0 385
LKDS-00942.mhd1 104.0 389.0 52.0 250
LKDS-00942.mhd2 454.0 343.0 52.0 250
LKDS-00942.mhd3 420.0 390.0 72.0 250
LKDS-00944.mhd1 200.0 356.0 56.0 125
LKDS-00945.mhd1 119.0 284.0 100.0 133
LKDS-00946.mhd1 170.0 359.0 200.0 331
LKDS-00948.mhd1 349.0 283.0 165.0 406
LKDS-00949.mhd1 128.0 207.0 190.0 225
LKDS-00950.mhd1 149.0 244.0 57.0 247
LKDS-00950.mhd2 149.0 243.0 58.0 247
LKDS-00951.mhd1 415.0 181.0 147.0 308
LKDS-00953.mhd1 386.0 265.0 90.0 309
LKDS-00954.mhd1 163.0 358.0 106.0 147
LKDS-00954.mhd2 312.0 336.0 97.0 147
LKDS-00956.mhd1 184.0 243.0 159.0 275
LKDS-00957.mhd1 320.0 195.0 137.0 469
LKDS-00961.mhd1 193.0 336.0 128.0 339
LKDS-00962.mhd1 438.0 251.0 407.0 535
LKDS-00964.mhd1 438.0 181.0 74.0 141
LKDS-00964.mhd2 424.0 239.0 81.0 141
LKDS-00964.mhd3 379.0 194.0 96.0 141
LKDS-00964.mhd4 141.0 283.0 108.0 141
LKDS-00964.mhd5 341.0 276.0 129.0 141
LKDS-00968.mhd1 350.0 334.0 307.0 446
LKDS-00969.mhd1 181.0 322.0 105.0 529
LKDS-00970.mhd1 114.0 249.0 56.0 113
LKDS-00973.mhd1 332.0 385.0 155.0 346
LKDS-00976.mhd1 204.0 222.0 94.0 265
LKDS-00976.mhd2 133.0 336.0 67.0 265
LKDS-00976.mhd3 392.0 275.0 142.0 265
LKDS-00976.mhd4 222.0 313.0 159.0 265
LKDS-00979.mhd1 206.0 244.0 148.0 441
LKDS-00981.mhd1 313.0 337.0 162.0 238
LKDS-00982.mhd1 391.0 198.0 226.0 569
LKDS-00983.mhd1 223.0 464.0 82.0 310
LKDS-00984.mhd1 179.0 296.0 200.0 441
LKDS-00985.mhd1 334.0 299.0 44.0 310
LKDS-00989.mhd1 135.0 266.0 123.0 294
LKDS-00990.mhd1 400.0 338.0 269.0 392
LKDS-00990.mhd2 158.0 283.0 97.0 392
LKDS-00991.mhd1 311.0 344.0 24.0 133
LKDS-00991.mhd2 117.0 358.0 23.0 133
LKDS-00991.mhd3 333.0 370.0 65.0 133
LKDS-00991.mhd4 403.0 300.0 67.0 133
LKDS-00994.mhd1 146.0 303.0 100.0 133
LKDS-00995.mhd1 329.0 307.0 100.0 464
LKDS-00996.mhd1 367.0 325.0 89.0 133
LKDS-00996.mhd2 364.0 351.0 86.0 133
LKDS-00997.mhd1 350.0 273.0 44.0 205
LKDS-00998.mhd1 145.0 256.0 205.0 241
LKDS-01000.mhd1 399.0 267.0 327.0 551
