LKDS-00224.mhd.npy	202	192	211	[ 1.]
LKDS-00224.mhd.npy	185	165	223	[ 1.]
LKDS-00231.mhd.npy	317	214	77	[ 1.]
LKDS-00231.mhd.npy	371	227	146	[ 1.]
LKDS-00231.mhd.npy	322	361	147	[ 1.]
LKDS-00231.mhd.npy	380	235	147	[ 0.00895617]
LKDS-00231.mhd.npy	294	282	148	[ 1.]
LKDS-00231.mhd.npy	299	289	148	[ 1.]
LKDS-00231.mhd.npy	405	293	150	[  1.84811455e-08]
LKDS-00231.mhd.npy	414	296	150	[ 1.]
LKDS-00231.mhd.npy	246	309	162	[ 1.]
LKDS-00231.mhd.npy	259	212	172	[ 0.00685217]
LKDS-00231.mhd.npy	298	343	171	[ 1.]
LKDS-00231.mhd.npy	309	356	173	[ 1.]
LKDS-00231.mhd.npy	393	215	195	[ 1.]
LKDS-00231.mhd.npy	385	222	197	[  1.09487090e-24]
LKDS-00239.mhd.npy	325	278	28	[ 1.]
LKDS-00239.mhd.npy	185	284	87	[  1.19808090e-38]
LKDS-00239.mhd.npy	166	239	97	[ 1.]
LKDS-00239.mhd.npy	204	250	98	[  1.19104485e-31]
LKDS-00239.mhd.npy	141	246	115	[  2.14466195e-10]
LKDS-00239.mhd.npy	149	241	139	[  1.09470376e-24]
LKDS-00239.mhd.npy	223	175	140	[ 1.]
LKDS-00239.mhd.npy	222	190	227	[  3.01071161e-38]
LKDS-00239.mhd.npy	207	180	228	[  6.26951287e-27]
LKDS-00239.mhd.npy	328	197	239	[ 1.]
LKDS-00239.mhd.npy	368	227	251	[ 1.]
LKDS-00245.mhd.npy	258	195	98	[  3.90520694e-18]
LKDS-00245.mhd.npy	155	220	127	[  3.63529627e-24]
LKDS-00245.mhd.npy	196	172	157	[  4.02525927e-38]
LKDS-00245.mhd.npy	160	177	213	[  1.46313278e-17]
LKDS-00248.mhd.npy	330	206	48	[ 1.]
LKDS-00248.mhd.npy	389	266	57	[  1.67506295e-36]
LKDS-00248.mhd.npy	320	184	224	[  7.70155020e-06]
LKDS-00248.mhd.npy	333	181	229	[  1.60857990e-33]
LKDS-00251.mhd.npy	203	230	19	[ 1.]
LKDS-00251.mhd.npy	311	225	24	[ 1.]
LKDS-00251.mhd.npy	274	240	79	[ 1.]
LKDS-00251.mhd.npy	256	127	106	[  1.78598355e-34]
LKDS-00251.mhd.npy	191	131	220	[ 0.99999952]
LKDS-00251.mhd.npy	327	130	248	[  7.26550354e-07]
LKDS-00251.mhd.npy	282	108	307	[ 1.]
LKDS-00252.mhd.npy	204	239	14	[ 1.]
LKDS-00252.mhd.npy	197	285	83	[ 1.]
LKDS-00252.mhd.npy	308	153	167	[  1.39527357e-25]
LKDS-00258.mhd.npy	421	208	10	[  1.77837819e-07]
LKDS-00258.mhd.npy	113	326	113	[  9.00273559e-38]
LKDS-00258.mhd.npy	185	197	222	[ 0.88130754]
LKDS-00259.mhd.npy	320	267	178	[  1.71906553e-33]
LKDS-00262.mhd.npy	266	288	61	[ 1.]
LKDS-00262.mhd.npy	240	266	100	[  1.67646164e-30]
LKDS-00262.mhd.npy	212	250	124	[ 1.]
LKDS-00262.mhd.npy	326	242	131	[  7.97492005e-30]
LKDS-00262.mhd.npy	344	232	118	[  5.18386300e-36]
LKDS-00262.mhd.npy	308	208	130	[ 0.99999535]
LKDS-00262.mhd.npy	311	223	136	[  5.06240893e-28]
LKDS-00262.mhd.npy	330	240	288	[  9.44742666e-08]
LKDS-00262.mhd.npy	317	244	288	[ 1.]
LKDS-00262.mhd.npy	384	195	342	[  4.15471430e-38]
LKDS-00262.mhd.npy	389	229	345	[  4.32414145e-24]
LKDS-00262.mhd.npy	344	178	373	[  1.44271802e-20]
LKDS-00265.mhd.npy	199	200	220	[  1.39434915e-05]
LKDS-00265.mhd.npy	339	257	235	[ 1.]
LKDS-00266.mhd.npy	231	282	90	[ 0.99996638]
LKDS-00266.mhd.npy	173	166	245	[ 1.]
LKDS-00266.mhd.npy	258	272	288	[  1.96046834e-15]
LKDS-00266.mhd.npy	180	195	367	[ 1.]
LKDS-00266.mhd.npy	346	189	382	[ 1.]
LKDS-00266.mhd.npy	196	194	393	[  4.14821521e-26]
LKDS-00266.mhd.npy	335	216	394	[ 1.]
LKDS-00271.mhd.npy	275	281	51	[ 1.]
LKDS-00271.mhd.npy	211	162	200	[ 1.]
LKDS-00271.mhd.npy	177	176	202	[ 1.]
LKDS-00271.mhd.npy	184	190	202	[  6.42815678e-07]
LKDS-00271.mhd.npy	278	248	225	[ 1.]
LKDS-00271.mhd.npy	188	147	287	[  9.32110491e-29]
LKDS-00271.mhd.npy	182	147	293	[ 1.]
LKDS-00271.mhd.npy	402	195	306	[ 1.]
LKDS-00271.mhd.npy	201	144	314	[ 1.]
LKDS-00271.mhd.npy	174	154	331	[ 1.]
LKDS-00271.mhd.npy	182	140	333	[  8.15715750e-23]
LKDS-00274.mhd.npy	211	290	16	[ 0.89900553]
LKDS-00274.mhd.npy	400	249	168	[  4.25308931e-14]
LKDS-00274.mhd.npy	346	247	215	[  6.54340831e-26]
LKDS-00274.mhd.npy	325	173	254	[  3.84212654e-14]
LKDS-00274.mhd.npy	322	160	258	[ 1.]
LKDS-00274.mhd.npy	306	165	262	[ 1.]
LKDS-00274.mhd.npy	139	180	290	[  6.80814129e-12]
LKDS-00285.mhd.npy	321	320	50	[  6.13570548e-30]
LKDS-00285.mhd.npy	323	296	56	[  1.99570541e-31]
LKDS-00285.mhd.npy	341	308	86	[  5.86559952e-21]
LKDS-00285.mhd.npy	158	320	90	[  1.25365853e-16]
LKDS-00285.mhd.npy	204	209	101	[ 1.]
LKDS-00285.mhd.npy	302	234	164	[ 1.]
LKDS-00285.mhd.npy	205	279	230	[ 1.]
LKDS-00285.mhd.npy	366	247	282	[ 1.]
LKDS-00285.mhd.npy	343	337	285	[ 0.94807047]
LKDS-00285.mhd.npy	221	365	299	[ 0.00944823]
LKDS-00285.mhd.npy	296	254	311	[  9.98256411e-08]
LKDS-00285.mhd.npy	296	255	314	[ 0.98571533]
LKDS-00285.mhd.npy	299	170	462	[ 1.]
LKDS-00285.mhd.npy	272	176	466	[ 1.]
LKDS-00285.mhd.npy	275	158	512	[ 1.]
LKDS-00298.mhd.npy	202	190	390	[ 1.]
LKDS-00298.mhd.npy	141	225	429	[ 1.]
LKDS-00298.mhd.npy	379	268	435	[  1.50282556e-18]
LKDS-00300.mhd.npy	206	210	78	[ 1.]
LKDS-00300.mhd.npy	170	230	116	[ 1.]
LKDS-00300.mhd.npy	184	224	117	[ 0.90593988]
LKDS-00300.mhd.npy	209	177	129	[ 1.]
LKDS-00305.mhd.npy	298	197	321	[ 0.99981922]
LKDS-00305.mhd.npy	291	216	339	[ 1.]
LKDS-00305.mhd.npy	131	95	452	[  1.90949045e-28]
LKDS-00305.mhd.npy	106	123	488	[  2.02834798e-08]
LKDS-00308.mhd.npy	354	217	45	[ 1.]
LKDS-00308.mhd.npy	195	224	118	[ 1.]
LKDS-00308.mhd.npy	210	211	130	[  2.66275184e-27]
LKDS-00308.mhd.npy	193	227	148	[ 1.]
LKDS-00308.mhd.npy	204	187	170	[  2.00979887e-18]
LKDS-00308.mhd.npy	156	231	270	[  1.59669510e-33]
LKDS-00308.mhd.npy	382	258	312	[ 1.]
LKDS-00308.mhd.npy	349	232	318	[ 1.]
LKDS-00308.mhd.npy	430	166	349	[  8.14867952e-35]
LKDS-00309.mhd.npy	319	272	72	[ 1.]
LKDS-00309.mhd.npy	275	318	91	[ 0.99193329]
LKDS-00309.mhd.npy	308	293	149	[  2.03539008e-19]
LKDS-00309.mhd.npy	317	262	171	[ 1.]
LKDS-00309.mhd.npy	219	210	374	[ 1.]
LKDS-00313.mhd.npy	250	155	172	[  1.71079446e-13]
LKDS-00313.mhd.npy	389	274	174	[  1.00721254e-08]
LKDS-00313.mhd.npy	127	234	178	[ 0.01614149]
LKDS-00313.mhd.npy	197	166	272	[ 1.]
LKDS-00313.mhd.npy	191	226	282	[  1.97666838e-09]
LKDS-00313.mhd.npy	171	208	304	[ 1.]
LKDS-00313.mhd.npy	282	248	309	[ 1.]
LKDS-00313.mhd.npy	378	173	335	[  1.72229106e-11]
LKDS-00313.mhd.npy	226	138	503	[  8.60644368e-12]
LKDS-00316.mhd.npy	188	234	91	[  2.25602705e-07]
LKDS-00316.mhd.npy	202	211	98	[ 0.99995148]
LKDS-00316.mhd.npy	202	234	105	[ 1.]
LKDS-00316.mhd.npy	182	193	109	[ 0.9645564]
LKDS-00316.mhd.npy	270	243	208	[ 1.]
LKDS-00322.mhd.npy	268	205	69	[ 1.]
LKDS-00322.mhd.npy	277	199	70	[ 1.]
LKDS-00322.mhd.npy	268	231	168	[ 1.]
LKDS-00322.mhd.npy	197	269	397	[ 0.09345002]
LKDS-00322.mhd.npy	188	265	434	[ 1.]
LKDS-00322.mhd.npy	193	279	412	[  1.18473152e-25]
LKDS-00322.mhd.npy	191	278	436	[ 1.]
LKDS-00322.mhd.npy	170	276	422	[  1.43096635e-09]
LKDS-00322.mhd.npy	191	255	478	[  9.42231581e-21]
LKDS-00322.mhd.npy	184	288	478	[  1.07576486e-16]
LKDS-00322.mhd.npy	328	211	486	[ 0.99999988]
LKDS-00322.mhd.npy	337	286	497	[ 1.]
LKDS-00322.mhd.npy	337	255	509	[ 1.]
LKDS-00322.mhd.npy	196	187	508	[  1.01537468e-32]
LKDS-00322.mhd.npy	352	295	513	[ 0.99989963]
LKDS-00322.mhd.npy	347	185	556	[  8.21259013e-35]
LKDS-00322.mhd.npy	166	185	557	[  1.31879483e-37]
LKDS-00322.mhd.npy	118	289	557	[ 1.]
LKDS-00322.mhd.npy	165	190	570	[  1.92467811e-22]
LKDS-00322.mhd.npy	365	254	590	[  3.93576654e-15]
LKDS-00322.mhd.npy	387	213	640	[  4.83182780e-32]
LKDS-00328.mhd.npy	186	199	49	[ 1.]
LKDS-00328.mhd.npy	273	492	95	[  3.39680645e-11]
LKDS-00328.mhd.npy	192	190	97	[  1.06680014e-36]
LKDS-00328.mhd.npy	167	340	143	[ 1.]
LKDS-00328.mhd.npy	139	330	146	[ 1.]
LKDS-00328.mhd.npy	312	116	295	[  1.97916721e-34]
LKDS-00330.mhd.npy	137	305	28	[  1.74157925e-34]
LKDS-00332.mhd.npy	165	120	227	[ 0.99999785]
LKDS-00332.mhd.npy	172	122	334	[ 1.]
LKDS-00341.mhd.npy	271	265	65	[  5.95081601e-13]
LKDS-00341.mhd.npy	316	206	124	[  3.34121220e-29]
LKDS-00341.mhd.npy	319	203	127	[  4.37059625e-11]
LKDS-00341.mhd.npy	385	316	211	[  1.20149886e-32]
LKDS-00341.mhd.npy	204	143	223	[ 1.]
LKDS-00341.mhd.npy	216	154	223	[  6.46431381e-11]
LKDS-00341.mhd.npy	102	173	256	[ 0.98009139]
LKDS-00346.mhd.npy	188	321	42	[  1.24535416e-06]
LKDS-00346.mhd.npy	183	214	50	[  2.75248558e-23]
LKDS-00346.mhd.npy	194	306	52	[  3.52699649e-26]
LKDS-00346.mhd.npy	252	146	71	[ 1.]
LKDS-00346.mhd.npy	191	248	71	[ 1.]
LKDS-00346.mhd.npy	189	224	74	[ 1.]
LKDS-00346.mhd.npy	177	186	80	[  1.62409081e-13]
LKDS-00346.mhd.npy	164	244	101	[ 1.]
LKDS-00346.mhd.npy	156	247	109	[  7.25660443e-35]
LKDS-00346.mhd.npy	379	234	135	[ 1.]
LKDS-00346.mhd.npy	303	357	187	[ 1.]
LKDS-00346.mhd.npy	95	285	197	[  1.62617517e-19]
LKDS-00346.mhd.npy	124	331	200	[ 1.]
LKDS-00346.mhd.npy	136	346	202	[ 1.]
LKDS-00346.mhd.npy	142	358	204	[ 1.]
LKDS-00347.mhd.npy	291	161	137	[ 1.]
LKDS-00347.mhd.npy	205	215	169	[ 1.]
LKDS-00347.mhd.npy	200	149	202	[ 0.99954885]
LKDS-00347.mhd.npy	199	179	220	[ 0.99987936]
LKDS-00347.mhd.npy	206	272	243	[ 0.00014173]
LKDS-00347.mhd.npy	192	281	244	[ 1.]
LKDS-00347.mhd.npy	310	282	254	[  2.14070098e-11]
LKDS-00347.mhd.npy	134	286	254	[ 1.]
LKDS-00347.mhd.npy	303	268	256	[ 1.]
LKDS-00347.mhd.npy	339	306	263	[ 1.]
LKDS-00347.mhd.npy	325	312	268	[  7.64340281e-32]
LKDS-00352.mhd.npy	227	158	74	[ 0.99999881]
LKDS-00352.mhd.npy	219	249	77	[ 0.99995184]
LKDS-00352.mhd.npy	167	201	90	[ 1.]
LKDS-00352.mhd.npy	164	189	97	[ 1.]
LKDS-00352.mhd.npy	171	180	111	[ 1.]
LKDS-00352.mhd.npy	129	196	157	[ 1.]
LKDS-00352.mhd.npy	140	281	172	[ 1.]
LKDS-00352.mhd.npy	120	284	173	[ 0.29528692]
LKDS-00352.mhd.npy	130	284	173	[ 1.]
LKDS-00352.mhd.npy	113	284	175	[  6.53990931e-35]
LKDS-00352.mhd.npy	310	242	177	[ 1.]
LKDS-00352.mhd.npy	335	252	176	[ 0.99999988]
LKDS-00352.mhd.npy	292	233	178	[ 1.]
LKDS-00352.mhd.npy	165	307	190	[  1.78511591e-37]
LKDS-00355.mhd.npy	313	309	26	[ 1.]
LKDS-00355.mhd.npy	171	236	59	[  2.04089878e-15]
LKDS-00355.mhd.npy	139	278	67	[ 1.]
LKDS-00355.mhd.npy	245	195	113	[  2.38511693e-21]
LKDS-00355.mhd.npy	248	188	117	[ 0.00073365]
LKDS-00355.mhd.npy	248	178	125	[  1.00333832e-10]
LKDS-00355.mhd.npy	316	162	171	[ 1.]
LKDS-00355.mhd.npy	206	150	179	[ 1.]
LKDS-00355.mhd.npy	196	147	185	[  7.53596213e-17]
LKDS-00355.mhd.npy	188	144	189	[ 1.]
LKDS-00355.mhd.npy	398	233	196	[  9.84596093e-27]
LKDS-00355.mhd.npy	165	191	199	[  5.77096798e-05]
LKDS-00355.mhd.npy	186	144	201	[  1.85604540e-06]
LKDS-00355.mhd.npy	372	243	206	[  1.45930851e-10]
LKDS-00355.mhd.npy	373	269	211	[  6.93265242e-35]
LKDS-00355.mhd.npy	292	289	212	[  8.76312491e-20]
LKDS-00361.mhd.npy	173	238	40	[ 1.]
LKDS-00361.mhd.npy	331	221	115	[  1.19077789e-14]
LKDS-00361.mhd.npy	325	201	121	[  3.08777600e-26]
LKDS-00361.mhd.npy	148	198	201	[ 1.]
LKDS-00362.mhd.npy	246	231	5	[  1.46597376e-05]
LKDS-00362.mhd.npy	346	191	238	[ 0.8275339]
LKDS-00366.mhd.npy	198	346	7	[  2.59183165e-17]
LKDS-00366.mhd.npy	252	308	48	[  1.62710588e-19]
LKDS-00366.mhd.npy	341	186	174	[  3.76368728e-12]
LKDS-00373.mhd.npy	294	263	37	[ 1.]
LKDS-00373.mhd.npy	270	258	70	[ 1.]
LKDS-00373.mhd.npy	271	260	74	[ 1.]
LKDS-00373.mhd.npy	337	208	272	[ 1.]
LKDS-00373.mhd.npy	344	204	279	[ 1.]
LKDS-00373.mhd.npy	335	214	279	[ 1.]
LKDS-00373.mhd.npy	363	196	293	[ 1.]
LKDS-00377.mhd.npy	163	320	49	[  3.87235339e-12]
LKDS-00377.mhd.npy	132	347	105	[ 0.92399687]
LKDS-00377.mhd.npy	322	175	270	[ 1.]
LKDS-00377.mhd.npy	316	166	280	[  3.23890372e-24]
LKDS-00382.mhd.npy	195	209	76	[ 1.]
LKDS-00382.mhd.npy	254	276	93	[  5.05241433e-21]
LKDS-00382.mhd.npy	262	159	120	[  1.57355490e-25]
LKDS-00382.mhd.npy	320	227	146	[ 1.]
LKDS-00382.mhd.npy	164	184	159	[  8.28853342e-09]
LKDS-00382.mhd.npy	174	191	168	[ 1.]
LKDS-00382.mhd.npy	368	142	375	[ 1.]
LKDS-00382.mhd.npy	305	161	435	[  7.56652548e-32]
LKDS-00383.mhd.npy	224	286	41	[  5.38555528e-36]
LKDS-00383.mhd.npy	294	230	200	[  2.06876678e-28]
LKDS-00383.mhd.npy	337	187	211	[ 0.0006042]
LKDS-00383.mhd.npy	348	175	230	[  1.13887241e-31]
LKDS-00385.mhd.npy	230	491	11	[  9.29421127e-25]
LKDS-00385.mhd.npy	300	295	28	[ 1.]
LKDS-00385.mhd.npy	233	245	57	[ 0.46967685]
LKDS-00385.mhd.npy	245	272	58	[  1.44458597e-26]
LKDS-00385.mhd.npy	187	236	92	[ 1.]
LKDS-00385.mhd.npy	228	326	87	[ 1.]
LKDS-00385.mhd.npy	305	223	92	[ 0.99475056]
LKDS-00385.mhd.npy	351	228	107	[ 1.]
LKDS-00385.mhd.npy	358	162	164	[ 1.]
LKDS-00385.mhd.npy	162	199	206	[ 1.]
LKDS-00385.mhd.npy	396	277	218	[  6.73633334e-24]
LKDS-00385.mhd.npy	321	335	221	[ 1.]
LKDS-00385.mhd.npy	303	233	219	[ 1.]
LKDS-00385.mhd.npy	334	267	230	[ 1.]
LKDS-00386.mhd.npy	239	171	90	[  3.33277410e-28]
LKDS-00386.mhd.npy	202	225	141	[  3.76782102e-21]
LKDS-00397.mhd.npy	291	324	13	[ 1.]
LKDS-00397.mhd.npy	314	186	122	[ 0.12051877]
LKDS-00397.mhd.npy	358	198	134	[ 1.]
LKDS-00397.mhd.npy	173	246	160	[  2.80484670e-23]
LKDS-00397.mhd.npy	410	323	197	[ 1.]
LKDS-00397.mhd.npy	154	382	226	[ 0.99995077]
LKDS-00397.mhd.npy	369	223	273	[ 0.99980956]
LKDS-00397.mhd.npy	285	201	276	[ 0.11771402]
LKDS-00397.mhd.npy	194	199	291	[ 1.]
LKDS-00399.mhd.npy	275	292	57	[ 1.]
LKDS-00399.mhd.npy	213	236	157	[  2.72036811e-14]
LKDS-00399.mhd.npy	185	152	205	[ 1.]
LKDS-00399.mhd.npy	361	141	267	[ 1.]
LKDS-00399.mhd.npy	177	232	310	[ 1.]
LKDS-00400.mhd.npy	314	134	253	[ 1.]
LKDS-00410.mhd.npy	197	231	81	[ 1.]
LKDS-00410.mhd.npy	370	219	189	[  3.43740846e-16]
LKDS-00414.mhd.npy	395	250	299	[ 1.]
LKDS-00414.mhd.npy	390	273	302	[  2.56423860e-23]
LKDS-00414.mhd.npy	398	240	307	[ 1.]
LKDS-00417.mhd.npy	340	213	65	[ 1.]
LKDS-00417.mhd.npy	155	235	108	[  4.06438048e-27]
LKDS-00417.mhd.npy	124	121	219	[ 0.99007916]
LKDS-00422.mhd.npy	274	261	88	[ 1.]
LKDS-00422.mhd.npy	273	270	89	[ 0.99999774]
LKDS-00435.mhd.npy	198	204	66	[ 1.]
LKDS-00435.mhd.npy	199	256	114	[ 0.9997316]
LKDS-00435.mhd.npy	213	183	125	[  1.42227221e-17]
LKDS-00435.mhd.npy	205	195	129	[  1.47954462e-24]
LKDS-00435.mhd.npy	194	196	141	[  6.15164200e-15]
LKDS-00435.mhd.npy	220	155	153	[ 0.31779897]
LKDS-00435.mhd.npy	229	140	157	[ 1.]
LKDS-00438.mhd.npy	194	319	134	[ 1.]
LKDS-00438.mhd.npy	143	361	234	[  4.31164340e-11]
LKDS-00439.mhd.npy	250	478	5	[ 1.]
LKDS-00439.mhd.npy	251	477	7	[  1.90438522e-19]
LKDS-00439.mhd.npy	251	477	11	[  9.58241512e-15]
LKDS-00439.mhd.npy	251	477	24	[  5.06927922e-09]
LKDS-00439.mhd.npy	251	478	26	[ 1.]
LKDS-00439.mhd.npy	273	477	26	[ 0.83491743]
LKDS-00439.mhd.npy	252	478	29	[ 0.00073589]
LKDS-00439.mhd.npy	205	204	59	[ 1.]
LKDS-00439.mhd.npy	216	197	61	[ 1.]
LKDS-00439.mhd.npy	396	216	136	[  6.33831088e-35]
LKDS-00439.mhd.npy	354	272	155	[ 0.36022857]
LKDS-00441.mhd.npy	310	251	7	[  2.41261291e-23]
LKDS-00441.mhd.npy	340	302	67	[  1.42724229e-21]
LKDS-00441.mhd.npy	197	282	119	[  3.31837148e-23]
LKDS-00441.mhd.npy	216	327	140	[  2.31085839e-09]
LKDS-00441.mhd.npy	223	227	181	[ 1.]
LKDS-00441.mhd.npy	153	292	187	[  1.13205445e-09]
LKDS-00441.mhd.npy	161	234	184	[  9.18683457e-34]
LKDS-00441.mhd.npy	184	338	194	[ 0.99998391]
LKDS-00441.mhd.npy	149	281	200	[  7.23084160e-15]
LKDS-00441.mhd.npy	128	283	221	[  1.52201173e-29]
LKDS-00441.mhd.npy	172	193	225	[  7.75911758e-07]
LKDS-00441.mhd.npy	218	183	226	[  9.99313126e-17]
LKDS-00441.mhd.npy	222	270	307	[  1.03372131e-22]
LKDS-00441.mhd.npy	392	243	360	[ 1.]
LKDS-00441.mhd.npy	270	148	448	[  1.14707936e-29]
LKDS-00441.mhd.npy	320	168	514	[  2.19526815e-38]
LKDS-00444.mhd.npy	338	291	218	[ 0.9999994]
LKDS-00444.mhd.npy	349	237	473	[ 1.]
LKDS-00444.mhd.npy	421	285	519	[  3.00225667e-17]
LKDS-00446.mhd.npy	401	234	296	[  2.59153519e-17]
LKDS-00446.mhd.npy	369	149	299	[ 1.]
LKDS-00446.mhd.npy	380	151	299	[ 1.]
LKDS-00446.mhd.npy	412	206	303	[ 1.]
LKDS-00449.mhd.npy	194	283	44	[  1.25347560e-06]
LKDS-00449.mhd.npy	179	249	73	[  5.91254530e-23]
LKDS-00449.mhd.npy	244	278	83	[  1.92283262e-18]
LKDS-00449.mhd.npy	218	137	134	[ 1.]
LKDS-00449.mhd.npy	201	172	145	[  5.48625458e-26]
LKDS-00449.mhd.npy	383	196	152	[ 1.]
LKDS-00449.mhd.npy	390	190	153	[ 1.]
LKDS-00449.mhd.npy	271	238	157	[  2.03415915e-16]
LKDS-00449.mhd.npy	257	244	159	[ 1.]
LKDS-00449.mhd.npy	258	242	161	[  1.37525843e-30]
LKDS-00449.mhd.npy	270	223	163	[ 1.]
LKDS-00449.mhd.npy	365	229	166	[ 0.00149604]
LKDS-00452.mhd.npy	358	133	218	[  8.14539902e-09]
LKDS-00453.mhd.npy	314	238	64	[  3.43956475e-28]
LKDS-00455.mhd.npy	153	214	252	[ 1.]
LKDS-00455.mhd.npy	382	182	352	[  1.24137365e-27]
LKDS-00455.mhd.npy	304	152	359	[ 1.]
LKDS-00458.mhd.npy	307	304	20	[ 1.]
LKDS-00458.mhd.npy	287	309	90	[  1.52198083e-07]
LKDS-00458.mhd.npy	331	284	118	[  6.32418532e-34]
LKDS-00458.mhd.npy	151	159	159	[ 1.]
LKDS-00458.mhd.npy	264	280	175	[ 0.99970764]
LKDS-00458.mhd.npy	271	278	188	[  4.20932730e-20]
LKDS-00458.mhd.npy	273	277	191	[  1.07119937e-15]
LKDS-00458.mhd.npy	275	278	194	[ 1.]
LKDS-00489.mhd.npy	263	281	154	[  2.22671894e-23]
LKDS-00489.mhd.npy	264	281	156	[ 1.]
LKDS-00489.mhd.npy	111	263	174	[  8.72628463e-38]
LKDS-00489.mhd.npy	198	215	237	[ 1.]
LKDS-00489.mhd.npy	140	159	235	[  6.33651118e-12]
LKDS-00489.mhd.npy	188	196	363	[ 1.]
LKDS-00489.mhd.npy	162	187	373	[  6.54828063e-25]
LKDS-00489.mhd.npy	132	222	380	[  1.31157572e-06]
LKDS-00489.mhd.npy	411	162	390	[ 0.99999094]
LKDS-00489.mhd.npy	398	172	482	[  1.86995334e-34]
LKDS-00489.mhd.npy	161	113	486	[  1.23595546e-32]
LKDS-00489.mhd.npy	424	222	492	[ 1.]
LKDS-00489.mhd.npy	382	132	526	[  1.03306907e-33]
LKDS-00490.mhd.npy	331	285	38	[  1.03134266e-06]
LKDS-00490.mhd.npy	198	238	40	[ 1.]
LKDS-00490.mhd.npy	190	270	40	[ 0.99999917]
LKDS-00490.mhd.npy	328	306	44	[ 1.]
LKDS-00490.mhd.npy	207	286	45	[  4.17811369e-10]
LKDS-00490.mhd.npy	205	296	45	[ 0.99999619]
LKDS-00490.mhd.npy	212	280	46	[  1.12971374e-21]
LKDS-00490.mhd.npy	182	293	50	[ 0.08688423]
LKDS-00490.mhd.npy	205	301	51	[  5.20522063e-11]
LKDS-00490.mhd.npy	140	267	67	[  1.23843967e-37]
LKDS-00490.mhd.npy	218	172	71	[ 1.]
LKDS-00490.mhd.npy	407	276	71	[ 0.99998665]
LKDS-00490.mhd.npy	293	258	79	[ 0.99975234]
LKDS-00490.mhd.npy	264	268	79	[ 1.]
LKDS-00490.mhd.npy	118	232	86	[ 0.0506733]
LKDS-00490.mhd.npy	246	153	93	[ 0.91712856]
LKDS-00490.mhd.npy	124	291	96	[ 1.]
LKDS-00490.mhd.npy	110	288	107	[ 1.]
LKDS-00490.mhd.npy	139	288	108	[ 0.02795246]
LKDS-00490.mhd.npy	187	129	167	[  1.16790452e-10]
LKDS-00490.mhd.npy	186	156	178	[  1.22837427e-24]
LKDS-00490.mhd.npy	348	111	192	[ 1.]
LKDS-00490.mhd.npy	363	135	196	[  4.56400556e-07]
LKDS-00490.mhd.npy	204	137	216	[  4.92960794e-07]
LKDS-00490.mhd.npy	208	205	240	[ 0.00326572]
LKDS-00490.mhd.npy	361	188	240	[ 1.]
LKDS-00490.mhd.npy	170	221	256	[  2.90657187e-38]
LKDS-00490.mhd.npy	336	207	257	[ 1.]
LKDS-00490.mhd.npy	358	215	263	[ 0.01343502]
LKDS-00495.mhd.npy	141	339	36	[ 1.]
LKDS-00495.mhd.npy	169	174	134	[  9.76443367e-32]
LKDS-00495.mhd.npy	103	173	136	[ 1.]
LKDS-00495.mhd.npy	394	197	146	[ 1.]
LKDS-00495.mhd.npy	375	250	196	[ 1.]
LKDS-00500.mhd.npy	305	263	137	[ 1.]
LKDS-00500.mhd.npy	344	222	320	[ 1.]
LKDS-00500.mhd.npy	174	315	334	[ 1.]
LKDS-00500.mhd.npy	141	312	341	[  1.72729567e-14]
LKDS-00500.mhd.npy	386	248	348	[  3.51557519e-28]
LKDS-00500.mhd.npy	363	263	349	[  4.07393616e-30]
LKDS-00500.mhd.npy	375	227	350	[  4.82937495e-14]
LKDS-00500.mhd.npy	222	319	389	[ 1.]
LKDS-00500.mhd.npy	210	331	390	[ 0.98555851]
LKDS-00500.mhd.npy	137	333	404	[  5.51706010e-20]
LKDS-00502.mhd.npy	187	200	58	[ 1.]
LKDS-00502.mhd.npy	136	140	132	[ 1.]
LKDS-00502.mhd.npy	388	174	208	[  1.38949872e-05]
LKDS-00502.mhd.npy	382	181	208	[  1.93497884e-09]
LKDS-00502.mhd.npy	280	231	211	[  2.61183090e-32]
LKDS-00502.mhd.npy	297	80	294	[  1.64673373e-24]
LKDS-00502.mhd.npy	238	91	304	[ 1.]
LKDS-00516.mhd.npy	405	324	95	[ 1.]
LKDS-00516.mhd.npy	274	179	96	[  3.71526542e-38]
LKDS-00516.mhd.npy	281	255	157	[ 0.8240515]
LKDS-00516.mhd.npy	315	256	157	[ 1.]
LKDS-00516.mhd.npy	172	237	179	[ 0.99999988]
LKDS-00518.mhd.npy	200	308	29	[ 1.]
LKDS-00518.mhd.npy	220	305	31	[ 1.]
LKDS-00518.mhd.npy	200	230	54	[  7.02776509e-12]
LKDS-00518.mhd.npy	205	163	189	[  2.06203073e-20]
LKDS-00518.mhd.npy	202	191	191	[ 0.99993968]
LKDS-00518.mhd.npy	194	183	192	[  4.56381162e-37]
LKDS-00518.mhd.npy	267	249	205	[ 0.9999994]
LKDS-00523.mhd.npy	321	117	398	[  1.50010091e-16]
LKDS-00526.mhd.npy	147	369	137	[  4.73835219e-25]
LKDS-00526.mhd.npy	362	262	182	[ 1.]
LKDS-00535.mhd.npy	195	289	34	[ 1.]
LKDS-00535.mhd.npy	267	249	234	[ 1.]
LKDS-00535.mhd.npy	219	160	238	[  2.64326478e-16]
LKDS-00536.mhd.npy	304	317	27	[  9.58705641e-05]
LKDS-00536.mhd.npy	174	211	175	[ 1.]
LKDS-00543.mhd.npy	273	266	79	[  9.39969143e-30]
LKDS-00543.mhd.npy	278	277	132	[ 1.]
LKDS-00543.mhd.npy	232	254	171	[ 1.]
LKDS-00543.mhd.npy	160	202	335	[ 1.]
LKDS-00547.mhd.npy	293	234	25	[  1.29231985e-08]
LKDS-00547.mhd.npy	290	192	65	[  1.86617124e-17]
LKDS-00547.mhd.npy	295	142	81	[ 0.99999988]
LKDS-00547.mhd.npy	226	113	150	[ 1.]
LKDS-00547.mhd.npy	390	213	162	[ 1.]
LKDS-00547.mhd.npy	394	148	173	[ 1.]
LKDS-00548.mhd.npy	260	187	86	[ 0.00063079]
LKDS-00548.mhd.npy	337	237	217	[ 1.]
LKDS-00548.mhd.npy	301	219	237	[ 1.]
LKDS-00551.mhd.npy	164	315	36	[  7.53274996e-38]
LKDS-00551.mhd.npy	302	321	44	[ 1.]
LKDS-00551.mhd.npy	153	258	136	[  7.22890144e-25]
LKDS-00551.mhd.npy	376	362	157	[ 1.]
LKDS-00551.mhd.npy	316	387	166	[  8.93312659e-14]
LKDS-00551.mhd.npy	117	291	171	[ 1.]
LKDS-00551.mhd.npy	119	314	173	[ 1.]
LKDS-00551.mhd.npy	320	393	179	[ 1.]
LKDS-00551.mhd.npy	351	201	209	[ 0.99999738]
LKDS-00551.mhd.npy	341	203	217	[ 1.]
LKDS-00551.mhd.npy	377	205	223	[ 1.]
LKDS-00559.mhd.npy	329	278	0	[  1.61758794e-26]
LKDS-00559.mhd.npy	187	193	67	[ 0.99999797]
LKDS-00559.mhd.npy	190	220	76	[  2.96100351e-17]
LKDS-00559.mhd.npy	135	212	104	[ 1.]
LKDS-00559.mhd.npy	412	313	99	[  1.14910508e-25]
LKDS-00559.mhd.npy	153	215	110	[  1.06874550e-05]
LKDS-00559.mhd.npy	152	189	118	[  1.79100363e-28]
LKDS-00559.mhd.npy	337	320	119	[  2.46343732e-23]
LKDS-00561.mhd.npy	263	184	95	[  1.77708836e-18]
LKDS-00561.mhd.npy	281	250	224	[ 1.]
LKDS-00561.mhd.npy	246	154	305	[  5.43665002e-26]
LKDS-00561.mhd.npy	231	161	318	[  4.24820415e-35]
LKDS-00561.mhd.npy	197	187	343	[  4.43208645e-19]
LKDS-00564.mhd.npy	365	193	349	[  4.22949004e-15]
LKDS-00564.mhd.npy	357	182	363	[  7.54337825e-26]
LKDS-00564.mhd.npy	353	173	383	[ 1.]
LKDS-00564.mhd.npy	347	149	392	[  5.14498718e-16]
LKDS-00564.mhd.npy	361	179	394	[  1.11069425e-13]
LKDS-00568.mhd.npy	207	318	35	[ 0.95797396]
LKDS-00568.mhd.npy	207	189	110	[  1.75716477e-15]
LKDS-00568.mhd.npy	171	222	117	[ 0.86683238]
LKDS-00568.mhd.npy	188	209	122	[  1.76713625e-27]
LKDS-00568.mhd.npy	193	246	125	[ 0.01732885]
LKDS-00568.mhd.npy	277	360	135	[ 0.27394852]
LKDS-00568.mhd.npy	198	368	142	[ 1.]
LKDS-00568.mhd.npy	313	392	150	[  1.88218299e-35]
LKDS-00568.mhd.npy	322	281	158	[  6.91414114e-34]
LKDS-00568.mhd.npy	198	358	150	[ 1.]
LKDS-00568.mhd.npy	352	275	155	[ 1.]
LKDS-00568.mhd.npy	389	188	161	[  1.39023099e-11]
LKDS-00568.mhd.npy	400	204	167	[  5.37494582e-13]
LKDS-00568.mhd.npy	182	118	170	[  5.68094622e-15]
LKDS-00568.mhd.npy	300	386	172	[ 1.]
LKDS-00568.mhd.npy	112	223	176	[ 1.]
LKDS-00568.mhd.npy	331	304	177	[ 1.]
LKDS-00568.mhd.npy	404	249	179	[ 0.99995029]
LKDS-00569.mhd.npy	164	210	207	[  9.07580133e-16]
LKDS-00576.mhd.npy	260	481	18	[ 0.00015883]
LKDS-00576.mhd.npy	340	137	129	[ 0.99984372]
LKDS-00576.mhd.npy	377	180	221	[ 1.]
LKDS-00581.mhd.npy	189	227	72	[ 1.]
LKDS-00581.mhd.npy	199	256	163	[  3.95869058e-12]
LKDS-00581.mhd.npy	166	182	197	[  7.99491569e-19]
LKDS-00581.mhd.npy	377	190	202	[  7.63348812e-34]
LKDS-00581.mhd.npy	312	244	215	[ 0.9999994]
LKDS-00581.mhd.npy	180	140	289	[ 1.]
LKDS-00581.mhd.npy	181	140	293	[ 1.]
LKDS-00583.mhd.npy	208	230	150	[  3.45767108e-33]
LKDS-00583.mhd.npy	168	166	215	[  1.07118012e-05]
LKDS-00583.mhd.npy	164	207	238	[ 1.]
LKDS-00599.mhd.npy	245	254	75	[  1.30347466e-38]
LKDS-00599.mhd.npy	195	195	177	[ 0.9999963]
LKDS-00599.mhd.npy	220	297	189	[ 1.]
LKDS-00599.mhd.npy	385	146	202	[ 1.]
LKDS-00599.mhd.npy	162	215	207	[ 1.]
LKDS-00599.mhd.npy	403	217	224	[ 1.]
LKDS-00599.mhd.npy	158	134	227	[  2.19210364e-24]
LKDS-00599.mhd.npy	137	142	235	[ 1.]
LKDS-00599.mhd.npy	192	138	288	[  5.57493825e-29]
LKDS-00599.mhd.npy	283	158	288	[  1.08562040e-11]
LKDS-00604.mhd.npy	339	225	128	[  4.97570287e-26]
LKDS-00604.mhd.npy	270	140	145	[  1.35062317e-06]
LKDS-00604.mhd.npy	349	124	192	[ 1.]
LKDS-00604.mhd.npy	382	177	234	[ 0.99735594]
LKDS-00604.mhd.npy	303	167	311	[ 1.]
LKDS-00604.mhd.npy	222	135	315	[ 1.]
LKDS-00604.mhd.npy	226	147	316	[ 1.]
LKDS-00604.mhd.npy	301	157	318	[  4.85348839e-28]
LKDS-00604.mhd.npy	303	163	318	[ 1.]
LKDS-00604.mhd.npy	196	135	322	[  1.56462127e-29]
LKDS-00604.mhd.npy	308	152	326	[ 1.]
LKDS-00604.mhd.npy	293	163	323	[  1.04976025e-21]
LKDS-00604.mhd.npy	304	162	324	[ 1.]
LKDS-00606.mhd.npy	204	277	23	[  1.84497073e-18]
LKDS-00606.mhd.npy	308	280	24	[  6.99392063e-12]
LKDS-00606.mhd.npy	311	291	24	[  3.85780262e-11]
LKDS-00606.mhd.npy	193	278	26	[  9.65053939e-37]
LKDS-00606.mhd.npy	201	264	87	[  8.50584341e-25]
LKDS-00606.mhd.npy	190	195	121	[  6.70485776e-22]
LKDS-00606.mhd.npy	109	286	122	[  2.06328854e-36]
LKDS-00606.mhd.npy	183	202	124	[ 1.]
LKDS-00606.mhd.npy	249	151	128	[ 1.]
LKDS-00606.mhd.npy	337	182	172	[ 0.99999964]
LKDS-00606.mhd.npy	121	249	172	[ 1.]
LKDS-00606.mhd.npy	200	201	183	[  8.38947744e-05]
LKDS-00606.mhd.npy	168	198	187	[  9.71482270e-19]
LKDS-00606.mhd.npy	173	193	195	[  1.28367078e-18]
LKDS-00606.mhd.npy	362	156	204	[  2.85453934e-05]
LKDS-00610.mhd.npy	206	234	73	[ 1.]
LKDS-00610.mhd.npy	225	190	76	[  5.47936398e-37]
LKDS-00610.mhd.npy	195	233	85	[ 1.]
LKDS-00610.mhd.npy	194	232	89	[  4.27543325e-21]
LKDS-00610.mhd.npy	166	209	97	[ 0.00013251]
LKDS-00610.mhd.npy	211	192	98	[ 0.9999851]
LKDS-00610.mhd.npy	214	180	103	[ 0.55734307]
LKDS-00610.mhd.npy	195	183	103	[  5.79188477e-16]
LKDS-00610.mhd.npy	194	172	109	[ 1.]
LKDS-00610.mhd.npy	188	182	121	[  3.83519381e-36]
LKDS-00610.mhd.npy	366	243	132	[ 1.]
LKDS-00610.mhd.npy	208	199	181	[  1.06080630e-10]
LKDS-00613.mhd.npy	314	224	223	[  8.69061398e-36]
LKDS-00626.mhd.npy	191	269	86	[  7.31113629e-38]
LKDS-00626.mhd.npy	183	245	91	[  7.85860160e-35]
LKDS-00626.mhd.npy	193	247	115	[ 1.]
LKDS-00626.mhd.npy	173	241	109	[  5.93974734e-36]
LKDS-00626.mhd.npy	189	199	115	[  9.21465094e-30]
LKDS-00626.mhd.npy	181	187	159	[ 1.]
LKDS-00626.mhd.npy	192	254	165	[  2.69653924e-07]
LKDS-00626.mhd.npy	190	206	176	[ 0.00027112]
LKDS-00626.mhd.npy	185	177	242	[ 1.]
LKDS-00626.mhd.npy	138	184	242	[ 1.]
LKDS-00631.mhd.npy	269	247	13	[  2.33758895e-32]
LKDS-00631.mhd.npy	318	207	54	[ 1.]
LKDS-00631.mhd.npy	316	236	108	[ 1.]
LKDS-00631.mhd.npy	328	250	113	[ 1.]
LKDS-00631.mhd.npy	371	253	230	[ 1.]
LKDS-00631.mhd.npy	325	156	286	[ 1.]
LKDS-00633.mhd.npy	311	235	86	[  2.94433283e-10]
LKDS-00633.mhd.npy	203	211	79	[  3.05710124e-09]
LKDS-00633.mhd.npy	231	256	85	[ 1.]
LKDS-00633.mhd.npy	190	221	102	[ 1.]
LKDS-00633.mhd.npy	185	214	118	[ 1.]
LKDS-00633.mhd.npy	202	212	119	[  4.53261556e-30]
LKDS-00633.mhd.npy	372	202	286	[ 1.]
LKDS-00633.mhd.npy	364	191	293	[  4.71813795e-23]
LKDS-00633.mhd.npy	356	182	295	[ 1.]
LKDS-00633.mhd.npy	374	201	300	[  7.32438168e-27]
LKDS-00633.mhd.npy	377	193	308	[  5.18285733e-35]
LKDS-00635.mhd.npy	303	268	20	[ 1.]
LKDS-00635.mhd.npy	183	266	44	[ 1.]
LKDS-00635.mhd.npy	328	209	79	[ 1.]
LKDS-00635.mhd.npy	172	255	220	[ 0.64125371]
LKDS-00635.mhd.npy	111	286	224	[  1.37908365e-14]
LKDS-00635.mhd.npy	104	274	236	[  1.12395626e-09]
LKDS-00635.mhd.npy	166	184	246	[  1.29354286e-12]
LKDS-00635.mhd.npy	224	165	258	[  6.57940927e-31]
LKDS-00635.mhd.npy	199	152	270	[  2.84189029e-27]
LKDS-00635.mhd.npy	122	236	320	[ 1.]
LKDS-00642.mhd.npy	362	351	37	[  1.92616862e-30]
LKDS-00642.mhd.npy	164	256	107	[  2.02745529e-11]
LKDS-00642.mhd.npy	172	263	112	[ 1.]
LKDS-00642.mhd.npy	359	191	128	[ 0.99997795]
LKDS-00642.mhd.npy	416	247	223	[ 1.]
LKDS-00655.mhd.npy	204	324	16	[ 0.99999988]
LKDS-00659.mhd.npy	128	274	5	[  1.34933504e-34]
LKDS-00659.mhd.npy	294	284	36	[ 1.]
LKDS-00659.mhd.npy	185	241	191	[ 1.]
LKDS-00665.mhd.npy	194	219	4	[  3.94880419e-23]
LKDS-00665.mhd.npy	199	216	9	[  2.32593855e-23]
LKDS-00665.mhd.npy	223	212	38	[ 1.]
LKDS-00665.mhd.npy	193	178	51	[  2.90435973e-20]
LKDS-00665.mhd.npy	146	298	291	[  6.79870747e-23]
LKDS-00665.mhd.npy	322	252	344	[ 1.]
LKDS-00665.mhd.npy	325	264	346	[  5.03728503e-37]
LKDS-00665.mhd.npy	315	191	367	[  4.56150728e-10]
LKDS-00665.mhd.npy	202	291	475	[ 1.]
LKDS-00665.mhd.npy	182	258	484	[  3.43878914e-29]
LKDS-00665.mhd.npy	186	311	499	[ 1.]
LKDS-00665.mhd.npy	181	290	502	[  1.04611030e-29]
LKDS-00665.mhd.npy	127	283	503	[ 1.]
LKDS-00665.mhd.npy	288	286	525	[ 1.]
LKDS-00665.mhd.npy	367	225	635	[ 1.]
LKDS-00669.mhd.npy	398	210	227	[  3.32376741e-31]
LKDS-00669.mhd.npy	316	152	273	[  1.67260494e-21]
LKDS-00689.mhd.npy	268	294	42	[  5.13748750e-34]
LKDS-00689.mhd.npy	330	234	47	[ 1.]
LKDS-00689.mhd.npy	181	185	111	[  8.00313229e-32]
LKDS-00689.mhd.npy	303	166	214	[  7.00587507e-33]
LKDS-00689.mhd.npy	165	175	245	[ 1.]
LKDS-00689.mhd.npy	144	226	257	[ 1.]
LKDS-00689.mhd.npy	123	250	284	[ 1.]
LKDS-00689.mhd.npy	130	258	284	[  8.53964963e-34]
LKDS-00689.mhd.npy	122	251	292	[ 1.]
LKDS-00705.mhd.npy	213	289	10	[ 1.]
LKDS-00705.mhd.npy	182	228	154	[  1.20230649e-16]
LKDS-00712.mhd.npy	364	203	278	[  8.16807881e-25]
LKDS-00713.mhd.npy	328	317	35	[ 1.]
LKDS-00713.mhd.npy	201	227	83	[ 1.]
LKDS-00713.mhd.npy	128	329	93	[ 0.99997091]
LKDS-00713.mhd.npy	134	205	166	[ 0.99980611]
LKDS-00713.mhd.npy	408	247	187	[ 0.99532038]
LKDS-00713.mhd.npy	223	175	194	[ 1.]
LKDS-00713.mhd.npy	365	185	217	[  1.79970881e-20]
LKDS-00713.mhd.npy	331	154	225	[  1.37897146e-24]
LKDS-00713.mhd.npy	202	160	226	[  5.54123660e-18]
LKDS-00713.mhd.npy	366	187	242	[  7.10924991e-27]
LKDS-00713.mhd.npy	352	154	260	[  3.03130901e-28]
LKDS-00713.mhd.npy	290	277	262	[ 1.]
LKDS-00713.mhd.npy	424	269	313	[  6.06247141e-09]
LKDS-00719.mhd.npy	325	304	30	[  1.65391355e-13]
LKDS-00719.mhd.npy	186	316	36	[ 1.]
LKDS-00719.mhd.npy	184	331	69	[  1.21308084e-18]
LKDS-00719.mhd.npy	185	331	78	[ 1.]
LKDS-00719.mhd.npy	180	306	84	[ 1.]
LKDS-00719.mhd.npy	193	317	84	[ 1.]
LKDS-00719.mhd.npy	308	216	88	[ 1.]
LKDS-00719.mhd.npy	175	349	85	[ 1.]
LKDS-00719.mhd.npy	190	314	94	[  8.07140673e-18]
LKDS-00719.mhd.npy	170	357	105	[ 1.]
LKDS-00719.mhd.npy	190	344	111	[ 1.]
LKDS-00719.mhd.npy	209	234	124	[  1.41164544e-32]
LKDS-00719.mhd.npy	177	369	136	[  9.13495595e-38]
LKDS-00719.mhd.npy	199	265	154	[ 1.]
LKDS-00719.mhd.npy	198	291	168	[  6.99198620e-27]
LKDS-00719.mhd.npy	196	350	191	[ 1.]
LKDS-00719.mhd.npy	206	245	194	[  2.72431025e-17]
LKDS-00719.mhd.npy	201	189	217	[  2.30684488e-29]
LKDS-00719.mhd.npy	181	331	221	[ 1.]
LKDS-00719.mhd.npy	170	340	226	[ 1.]
LKDS-00719.mhd.npy	362	203	410	[  1.86869122e-19]
LKDS-00719.mhd.npy	380	220	419	[  3.52272589e-38]
LKDS-00719.mhd.npy	354	201	428	[ 1.]
LKDS-00719.mhd.npy	354	202	461	[ 1.]
LKDS-00721.mhd.npy	265	244	85	[ 1.]
LKDS-00721.mhd.npy	236	492	98	[  2.51641370e-18]
LKDS-00721.mhd.npy	237	492	106	[  1.80986011e-24]
LKDS-00721.mhd.npy	262	493	106	[  4.11237383e-32]
LKDS-00721.mhd.npy	243	492	115	[ 1.]
LKDS-00721.mhd.npy	251	498	117	[ 0.99999797]
LKDS-00721.mhd.npy	265	93	198	[ 1.]
LKDS-00721.mhd.npy	315	158	251	[  1.83483054e-31]
LKDS-00721.mhd.npy	56	204	273	[ 1.]
LKDS-00726.mhd.npy	347	226	234	[ 1.]
LKDS-00726.mhd.npy	184	149	345	[ 1.]
LKDS-00726.mhd.npy	211	163	348	[  9.47477652e-10]
LKDS-00726.mhd.npy	224	171	348	[  1.12890331e-37]
LKDS-00012.mhd.npy	290	301	49	[ 1.]
LKDS-00012.mhd.npy	198	289	70	[ 1.]
LKDS-00012.mhd.npy	172	263	83	[  3.99939270e-38]
LKDS-00012.mhd.npy	180	270	97	[ 1.]
LKDS-00012.mhd.npy	378	239	209	[  1.14408227e-09]
LKDS-00012.mhd.npy	355	246	212	[ 1.]
LKDS-00022.mhd.npy	316	118	276	[  2.18166494e-34]
LKDS-00022.mhd.npy	315	113	280	[  8.40827923e-08]
LKDS-00022.mhd.npy	281	120	283	[ 1.]
LKDS-00022.mhd.npy	358	129	283	[ 1.]
LKDS-00027.mhd.npy	210	229	120	[ 1.]
LKDS-00027.mhd.npy	212	253	134	[ 1.]
LKDS-00027.mhd.npy	261	294	192	[ 1.]
LKDS-00031.mhd.npy	237	289	200	[ 1.]
LKDS-00031.mhd.npy	261	164	258	[  6.37632672e-23]
LKDS-00031.mhd.npy	262	162	266	[ 1.]
LKDS-00031.mhd.npy	263	160	271	[ 0.00022992]
LKDS-00031.mhd.npy	264	157	274	[ 1.]
LKDS-00031.mhd.npy	264	148	308	[  2.32407704e-37]
LKDS-00031.mhd.npy	321	162	496	[ 1.]
LKDS-00031.mhd.npy	174	194	519	[  2.50672912e-07]
LKDS-00037.mhd.npy	227	171	251	[  7.91560804e-22]
LKDS-00037.mhd.npy	307	191	414	[  1.06554040e-34]
LKDS-00037.mhd.npy	312	199	423	[  1.45990514e-24]
LKDS-00046.mhd.npy	305	233	20	[ 1.]
LKDS-00046.mhd.npy	318	159	55	[  2.52033857e-14]
LKDS-00046.mhd.npy	308	92	285	[ 1.]
LKDS-00046.mhd.npy	297	98	288	[ 1.]
LKDS-00046.mhd.npy	290	114	293	[  1.64055283e-30]
LKDS-00046.mhd.npy	191	125	308	[ 1.]
LKDS-00046.mhd.npy	385	146	332	[ 1.]
LKDS-00049.mhd.npy	183	155	136	[ 0.08020292]
LKDS-00049.mhd.npy	174	175	136	[  3.19121461e-35]
LKDS-00049.mhd.npy	198	144	139	[  3.76683056e-28]
LKDS-00049.mhd.npy	193	150	169	[ 0.00280318]
LKDS-00049.mhd.npy	280	246	217	[  3.67388301e-25]
LKDS-00049.mhd.npy	281	243	222	[  2.25069398e-20]
LKDS-00049.mhd.npy	298	197	228	[ 1.]
LKDS-00056.mhd.npy	115	278	46	[  3.36003839e-37]
LKDS-00056.mhd.npy	179	252	78	[ 1.]
LKDS-00056.mhd.npy	264	173	81	[  3.96835469e-33]
LKDS-00056.mhd.npy	320	262	133	[ 1.]
LKDS-00057.mhd.npy	310	251	57	[ 0.99999654]
LKDS-00063.mhd.npy	197	236	83	[  9.00232130e-31]
LKDS-00063.mhd.npy	210	223	101	[  7.94292202e-37]
LKDS-00063.mhd.npy	198	243	104	[  1.59947376e-05]
LKDS-00063.mhd.npy	157	205	107	[  7.28716577e-06]
LKDS-00063.mhd.npy	151	286	116	[ 1.]
LKDS-00063.mhd.npy	203	217	121	[ 1.]
LKDS-00063.mhd.npy	206	142	129	[ 1.]
LKDS-00063.mhd.npy	394	193	177	[ 1.]
LKDS-00063.mhd.npy	402	177	185	[ 0.99999917]
LKDS-00063.mhd.npy	217	149	188	[ 1.]
LKDS-00063.mhd.npy	224	185	192	[ 1.]
LKDS-00063.mhd.npy	318	217	202	[ 1.]
LKDS-00063.mhd.npy	120	222	209	[ 1.]
LKDS-00063.mhd.npy	350	132	267	[  2.17119958e-08]
LKDS-00063.mhd.npy	192	152	281	[ 1.]
LKDS-00082.mhd.npy	240	210	385	[ 0.00413371]
LKDS-00082.mhd.npy	350	205	392	[  4.31730205e-16]
LKDS-00082.mhd.npy	150	229	426	[ 1.]
LKDS-00082.mhd.npy	154	214	476	[ 1.]
LKDS-00094.mhd.npy	238	267	116	[ 1.]
LKDS-00094.mhd.npy	317	165	413	[ 0.07281996]
LKDS-00094.mhd.npy	201	173	443	[  7.61697993e-06]
LKDS-00097.mhd.npy	188	303	52	[ 0.99989557]
LKDS-00097.mhd.npy	185	296	62	[  3.27969920e-30]
LKDS-00097.mhd.npy	251	304	74	[ 1.]
LKDS-00097.mhd.npy	202	329	75	[ 1.]
LKDS-00097.mhd.npy	284	193	92	[  1.14277525e-10]
LKDS-00097.mhd.npy	164	261	101	[  2.72817352e-10]
LKDS-00097.mhd.npy	373	305	114	[ 1.]
LKDS-00097.mhd.npy	357	293	212	[ 1.]
LKDS-00097.mhd.npy	361	308	212	[ 1.]
LKDS-00097.mhd.npy	324	234	267	[  1.71106551e-09]
LKDS-00098.mhd.npy	208	291	67	[ 1.]
LKDS-00098.mhd.npy	222	272	67	[  2.52902353e-23]
LKDS-00098.mhd.npy	281	229	68	[  3.45335024e-24]
LKDS-00098.mhd.npy	211	272	81	[  4.93313031e-23]
LKDS-00098.mhd.npy	353	297	124	[ 0.58624971]
LKDS-00098.mhd.npy	377	228	188	[  9.85867379e-25]
LKDS-00098.mhd.npy	312	213	189	[ 0.00202188]
LKDS-00098.mhd.npy	386	222	189	[ 1.]
LKDS-00098.mhd.npy	353	210	213	[  4.08877137e-31]
LKDS-00103.mhd.npy	122	272	20	[ 1.]
LKDS-00103.mhd.npy	137	277	37	[ 1.]
LKDS-00103.mhd.npy	136	267	91	[ 1.]
LKDS-00103.mhd.npy	144	212	246	[ 1.]
LKDS-00103.mhd.npy	312	159	356	[ 0.99998772]
LKDS-00103.mhd.npy	231	160	380	[ 1.]
LKDS-00106.mhd.npy	314	302	3	[ 1.]
LKDS-00106.mhd.npy	323	284	5	[  4.27152501e-19]
LKDS-00106.mhd.npy	317	232	26	[ 1.]
LKDS-00106.mhd.npy	216	132	256	[  3.63821138e-38]
LKDS-00106.mhd.npy	223	132	263	[  1.72937488e-30]
LKDS-00124.mhd.npy	340	223	60	[ 1.]
LKDS-00124.mhd.npy	167	267	64	[  1.50052429e-16]
LKDS-00124.mhd.npy	183	208	94	[ 1.]
LKDS-00124.mhd.npy	218	180	108	[  2.92904433e-23]
LKDS-00124.mhd.npy	363	299	117	[  4.26669550e-12]
LKDS-00124.mhd.npy	391	170	164	[ 1.]
LKDS-00124.mhd.npy	355	249	182	[ 1.]
LKDS-00124.mhd.npy	396	184	183	[ 1.]
LKDS-00124.mhd.npy	120	317	200	[ 1.]
LKDS-00124.mhd.npy	414	230	259	[  1.87674385e-25]
LKDS-00124.mhd.npy	419	227	299	[  3.52717051e-19]
LKDS-00124.mhd.npy	348	148	303	[ 1.]
LKDS-00124.mhd.npy	298	147	318	[  5.97429854e-25]
LKDS-00131.mhd.npy	202	255	78	[ 0.01293789]
LKDS-00131.mhd.npy	181	284	229	[  5.00564035e-37]
LKDS-00131.mhd.npy	169	173	239	[  7.59288636e-27]
LKDS-00131.mhd.npy	318	376	283	[  7.85882727e-16]
LKDS-00131.mhd.npy	208	215	344	[ 0.99997485]
LKDS-00131.mhd.npy	199	210	346	[  1.26718077e-28]
LKDS-00131.mhd.npy	380	217	376	[ 1.]
LKDS-00131.mhd.npy	291	161	478	[ 1.]
LKDS-00131.mhd.npy	338	164	514	[ 0.99840552]
LKDS-00132.mhd.npy	181	214	383	[ 1.]
LKDS-00132.mhd.npy	264	266	418	[ 1.]
LKDS-00139.mhd.npy	370	287	145	[ 0.99999857]
LKDS-00139.mhd.npy	342	326	149	[ 0.99999952]
LKDS-00139.mhd.npy	321	183	184	[ 1.]
LKDS-00139.mhd.npy	370	200	191	[ 1.]
LKDS-00139.mhd.npy	380	200	196	[ 1.]
LKDS-00139.mhd.npy	365	192	198	[ 0.99998903]
LKDS-00139.mhd.npy	384	193	198	[  9.23635497e-17]
LKDS-00143.mhd.npy	192	319	12	[ 1.]
LKDS-00143.mhd.npy	257	310	36	[ 1.]
LKDS-00143.mhd.npy	158	314	69	[ 1.]
LKDS-00143.mhd.npy	131	341	78	[ 1.]
LKDS-00143.mhd.npy	322	250	91	[ 1.]
LKDS-00143.mhd.npy	382	298	100	[  1.55831268e-11]
LKDS-00143.mhd.npy	158	267	104	[  5.13548752e-12]
LKDS-00143.mhd.npy	107	331	128	[ 1.]
LKDS-00143.mhd.npy	183	210	138	[ 1.]
LKDS-00143.mhd.npy	432	306	158	[  4.46023392e-11]
LKDS-00143.mhd.npy	189	223	190	[ 1.]
LKDS-00143.mhd.npy	188	234	190	[  4.53280454e-23]
LKDS-00143.mhd.npy	154	236	191	[ 1.]
LKDS-00143.mhd.npy	203	259	192	[ 0.99999917]
LKDS-00155.mhd.npy	302	343	42	[  1.16956462e-11]
LKDS-00155.mhd.npy	293	247	107	[  7.57178610e-23]
LKDS-00155.mhd.npy	150	221	341	[  1.47148578e-11]
LKDS-00155.mhd.npy	161	225	341	[  1.36070880e-16]
LKDS-00158.mhd.npy	288	200	80	[ 1.]
LKDS-00159.mhd.npy	196	313	89	[ 1.]
LKDS-00159.mhd.npy	327	304	91	[ 1.]
LKDS-00159.mhd.npy	291	294	93	[ 1.]
LKDS-00159.mhd.npy	187	343	123	[  5.20052122e-28]
LKDS-00159.mhd.npy	238	183	225	[  3.70790447e-11]
LKDS-00159.mhd.npy	239	181	234	[ 0.82542562]
LKDS-00159.mhd.npy	295	166	293	[ 0.37344712]
LKDS-00159.mhd.npy	308	200	395	[ 1.]
LKDS-00164.mhd.npy	271	241	98	[  1.95380384e-20]
LKDS-00164.mhd.npy	228	231	156	[ 0.46948254]
LKDS-00164.mhd.npy	298	211	173	[  2.54068640e-37]
LKDS-00164.mhd.npy	258	142	205	[  3.01525542e-28]
LKDS-00164.mhd.npy	317	194	354	[ 1.]
LKDS-00164.mhd.npy	326	204	354	[ 1.]
LKDS-00164.mhd.npy	355	141	370	[  6.18847418e-31]
LKDS-00164.mhd.npy	150	214	543	[ 0.99476951]
LKDS-00167.mhd.npy	270	295	63	[  1.35916897e-22]
LKDS-00167.mhd.npy	251	227	97	[  9.84152007e-29]
LKDS-00167.mhd.npy	338	187	297	[ 1.]
LKDS-00174.mhd.npy	164	182	186	[ 0.80169535]
LKDS-00174.mhd.npy	416	252	281	[  1.14553034e-08]
LKDS-00179.mhd.npy	279	258	212	[ 1.]
LKDS-00179.mhd.npy	377	247	210	[ 0.00064569]
LKDS-00179.mhd.npy	343	291	221	[  5.73341881e-36]
LKDS-00182.mhd.npy	253	151	203	[  5.79882695e-31]
LKDS-00182.mhd.npy	256	147	217	[ 1.]
LKDS-00182.mhd.npy	266	224	412	[ 1.]
LKDS-00199.mhd.npy	261	263	84	[ 1.]
LKDS-00199.mhd.npy	259	295	93	[ 1.]
LKDS-00199.mhd.npy	159	177	242	[  1.20708647e-30]
LKDS-00205.mhd.npy	318	280	178	[ 1.]
LKDS-00205.mhd.npy	310	321	177	[ 1.]
LKDS-00205.mhd.npy	312	318	186	[ 1.]
LKDS-00205.mhd.npy	309	319	202	[ 1.]
LKDS-00206.mhd.npy	210	228	109	[  2.43087547e-24]
LKDS-00206.mhd.npy	338	189	111	[ 1.]
LKDS-00206.mhd.npy	324	202	120	[ 1.]
LKDS-00206.mhd.npy	225	141	205	[ 1.]
LKDS-00206.mhd.npy	200	106	222	[ 1.]
LKDS-00209.mhd.npy	183	215	57	[ 1.]
LKDS-00209.mhd.npy	331	206	58	[ 1.]
LKDS-00209.mhd.npy	300	192	64	[ 1.]
LKDS-00209.mhd.npy	239	491	108	[  7.53015961e-09]
LKDS-00209.mhd.npy	116	318	108	[ 0.27987599]
LKDS-00209.mhd.npy	204	237	116	[  1.48980016e-18]
LKDS-00209.mhd.npy	189	197	130	[ 1.]
LKDS-00209.mhd.npy	205	164	145	[ 1.]
LKDS-00209.mhd.npy	216	186	209	[ 1.]
LKDS-00209.mhd.npy	369	193	228	[ 0.9999994]
LKDS-00211.mhd.npy	269	271	85	[  8.18629558e-25]
LKDS-00211.mhd.npy	206	312	266	[ 1.]
LKDS-00215.mhd.npy	236	177	361	[  8.10041409e-11]
LKDS-00221.mhd.npy	360	261	419	[ 1.]
LKDS-00221.mhd.npy	145	231	472	[ 1.]
LKDS-00221.mhd.npy	376	279	536	[ 0.00018361]
LKDS-00222.mhd.npy	466	236	20	[ 1.]
LKDS-00222.mhd.npy	257	245	89	[  4.67540058e-33]
LKDS-00222.mhd.npy	263	250	98	[  6.67117259e-32]
LKDS-00222.mhd.npy	282	260	238	[  5.48122751e-21]
LKDS-00222.mhd.npy	227	113	291	[  2.37800847e-07]
LKDS-00222.mhd.npy	346	181	345	[  1.13416751e-25]
LKDS-00738.mhd.npy	218	207	212	[  5.63191611e-17]
LKDS-00738.mhd.npy	211	181	212	[ 1.]
LKDS-00738.mhd.npy	222	291	258	[ 1.]
LKDS-00738.mhd.npy	212	296	260	[ 1.]
LKDS-00738.mhd.npy	192	323	266	[ 1.]
LKDS-00738.mhd.npy	327	339	267	[ 1.]
LKDS-00741.mhd.npy	320	308	61	[ 1.]
LKDS-00741.mhd.npy	207	321	148	[  2.97024647e-32]
LKDS-00741.mhd.npy	191	295	173	[ 1.]
LKDS-00741.mhd.npy	182	276	160	[  3.74748438e-19]
LKDS-00741.mhd.npy	172	323	172	[ 1.]
LKDS-00741.mhd.npy	170	233	212	[ 1.]
LKDS-00743.mhd.npy	314	289	35	[ 1.]
LKDS-00743.mhd.npy	191	302	48	[  1.12573338e-23]
LKDS-00743.mhd.npy	184	277	52	[  9.20329057e-33]
LKDS-00743.mhd.npy	188	278	81	[  3.77551146e-07]
LKDS-00743.mhd.npy	195	248	102	[ 1.]
LKDS-00743.mhd.npy	184	210	107	[  1.98596098e-07]
LKDS-00743.mhd.npy	289	218	115	[  5.68354285e-24]
LKDS-00743.mhd.npy	290	269	118	[ 1.]
LKDS-00743.mhd.npy	190	215	132	[  4.79143201e-12]
LKDS-00743.mhd.npy	195	227	132	[  2.17765822e-18]
LKDS-00743.mhd.npy	181	239	140	[ 1.]
LKDS-00743.mhd.npy	169	182	157	[ 1.]
LKDS-00743.mhd.npy	348	125	273	[ 1.]
LKDS-00743.mhd.npy	420	242	304	[  9.61928086e-18]
LKDS-00749.mhd.npy	207	244	232	[ 1.]
LKDS-00749.mhd.npy	210	246	239	[  2.06005227e-10]
LKDS-00749.mhd.npy	199	181	240	[ 1.]
LKDS-00749.mhd.npy	140	221	262	[ 1.]
LKDS-00749.mhd.npy	112	330	359	[  3.03086623e-30]
LKDS-00749.mhd.npy	399	176	446	[  1.34148574e-22]
LKDS-00751.mhd.npy	340	272	45	[ 1.]
LKDS-00751.mhd.npy	347	201	194	[  6.91797798e-31]
LKDS-00751.mhd.npy	385	301	315	[ 0.99990129]
LKDS-00751.mhd.npy	387	307	321	[  3.51572908e-07]
LKDS-00751.mhd.npy	172	150	332	[ 1.]
LKDS-00751.mhd.npy	156	229	340	[ 1.]
LKDS-00751.mhd.npy	202	211	345	[ 1.]
LKDS-00751.mhd.npy	115	249	347	[ 1.]
LKDS-00751.mhd.npy	83	243	360	[ 0.10408406]
LKDS-00751.mhd.npy	114	316	370	[ 1.]
LKDS-00751.mhd.npy	151	336	380	[  3.48720576e-28]
LKDS-00751.mhd.npy	375	343	405	[ 0.99999344]
LKDS-00753.mhd.npy	202	180	120	[ 1.]
LKDS-00753.mhd.npy	268	286	140	[  1.31321116e-07]
LKDS-00753.mhd.npy	361	247	144	[ 1.]
LKDS-00753.mhd.npy	381	247	192	[ 1.]
LKDS-00754.mhd.npy	303	292	41	[ 0.9784767]
LKDS-00754.mhd.npy	379	204	159	[  3.01285078e-29]
LKDS-00754.mhd.npy	209	199	214	[  1.88665750e-09]
LKDS-00754.mhd.npy	194	208	215	[  1.31707251e-19]
LKDS-00765.mhd.npy	318	254	24	[ 1.]
LKDS-00765.mhd.npy	218	294	61	[  2.08425625e-32]
LKDS-00765.mhd.npy	155	305	84	[  8.90101946e-05]
LKDS-00765.mhd.npy	215	325	103	[  5.81431925e-09]
LKDS-00765.mhd.npy	172	328	104	[  1.54973782e-06]
LKDS-00765.mhd.npy	170	248	106	[  1.75887440e-12]
LKDS-00765.mhd.npy	230	188	106	[  5.29570698e-08]
LKDS-00765.mhd.npy	201	323	107	[ 1.]
LKDS-00765.mhd.npy	199	302	123	[ 1.]
LKDS-00765.mhd.npy	180	291	131	[  1.19695964e-34]
LKDS-00765.mhd.npy	148	306	159	[ 1.]
LKDS-00765.mhd.npy	129	264	162	[ 1.]
LKDS-00765.mhd.npy	129	310	172	[  3.39408312e-24]
LKDS-00765.mhd.npy	276	265	176	[ 1.]
LKDS-00765.mhd.npy	116	312	179	[ 0.00055654]
LKDS-00765.mhd.npy	339	354	220	[ 1.]
LKDS-00765.mhd.npy	289	167	230	[ 1.]
LKDS-00770.mhd.npy	242	228	45	[  5.31618948e-16]
LKDS-00770.mhd.npy	333	156	93	[ 0.99998772]
LKDS-00770.mhd.npy	251	457	249	[  1.44160531e-22]
LKDS-00770.mhd.npy	129	280	348	[ 1.]
LKDS-00770.mhd.npy	376	328	348	[ 1.]
LKDS-00770.mhd.npy	414	180	383	[ 1.]
LKDS-00770.mhd.npy	418	184	394	[  3.65688838e-36]
LKDS-00770.mhd.npy	413	157	404	[ 1.]
LKDS-00770.mhd.npy	430	230	434	[ 1.]
LKDS-00770.mhd.npy	430	232	437	[ 1.]
LKDS-00770.mhd.npy	404	157	459	[ 1.]
LKDS-00779.mhd.npy	339	265	61	[ 1.]
LKDS-00779.mhd.npy	325	279	75	[  6.50989281e-27]
LKDS-00779.mhd.npy	325	275	78	[  1.42896390e-21]
LKDS-00779.mhd.npy	167	228	212	[  3.53021724e-24]
LKDS-00779.mhd.npy	173	230	223	[  3.89575767e-11]
LKDS-00779.mhd.npy	336	234	273	[ 0.99861765]
LKDS-00779.mhd.npy	355	225	308	[ 1.]
LKDS-00779.mhd.npy	328	229	397	[ 1.]
LKDS-00779.mhd.npy	360	185	414	[  3.12661707e-34]
LKDS-00779.mhd.npy	377	183	457	[ 1.]
LKDS-00779.mhd.npy	336	202	453	[  6.57188521e-38]
LKDS-00779.mhd.npy	384	228	508	[  4.12966864e-16]
LKDS-00779.mhd.npy	380	237	509	[  6.23937344e-14]
LKDS-00786.mhd.npy	186	296	92	[ 1.]
LKDS-00786.mhd.npy	143	295	116	[ 1.]
LKDS-00787.mhd.npy	268	291	93	[ 1.]
LKDS-00787.mhd.npy	328	212	504	[  8.32095757e-05]
LKDS-00787.mhd.npy	279	221	557	[ 0.95409054]
LKDS-00787.mhd.npy	320	229	561	[  5.01154055e-31]
LKDS-00787.mhd.npy	243	225	562	[ 1.]
LKDS-00787.mhd.npy	194	229	564	[ 1.]
LKDS-00800.mhd.npy	202	296	30	[ 1.]
LKDS-00800.mhd.npy	306	224	147	[ 1.]
LKDS-00802.mhd.npy	357	222	304	[  3.75547570e-31]
LKDS-00802.mhd.npy	365	224	316	[ 1.]
LKDS-00802.mhd.npy	377	199	319	[  6.85081400e-27]
LKDS-00802.mhd.npy	268	172	392	[ 1.]
LKDS-00802.mhd.npy	215	175	407	[ 1.]
LKDS-00802.mhd.npy	283	164	415	[  3.06294891e-28]
LKDS-00802.mhd.npy	288	156	419	[ 1.]
LKDS-00802.mhd.npy	349	156	466	[ 1.]
LKDS-00802.mhd.npy	336	167	473	[ 1.]
LKDS-00810.mhd.npy	252	304	35	[  4.81307323e-28]
LKDS-00810.mhd.npy	389	191	159	[ 0.99999762]
LKDS-00810.mhd.npy	326	160	173	[ 1.]
LKDS-00812.mhd.npy	402	207	155	[ 1.]
LKDS-00812.mhd.npy	179	215	196	[ 1.]
LKDS-00818.mhd.npy	251	194	21	[ 1.]
LKDS-00818.mhd.npy	263	153	25	[ 1.]
LKDS-00818.mhd.npy	257	172	29	[ 0.99999082]
LKDS-00818.mhd.npy	185	281	199	[  9.12973439e-22]
LKDS-00818.mhd.npy	172	133	362	[ 1.]
LKDS-00822.mhd.npy	196	264	26	[  6.14734999e-11]
LKDS-00822.mhd.npy	186	209	142	[ 1.]
LKDS-00822.mhd.npy	189	174	152	[  2.88898635e-22]
LKDS-00822.mhd.npy	402	229	291	[  1.41643557e-32]
LKDS-00840.mhd.npy	265	335	73	[  8.96684282e-10]
LKDS-00840.mhd.npy	327	234	99	[  5.19213806e-20]
LKDS-00840.mhd.npy	372	266	102	[ 1.]
LKDS-00840.mhd.npy	328	265	127	[ 1.]
LKDS-00840.mhd.npy	337	256	112	[ 0.99526876]
LKDS-00840.mhd.npy	173	192	134	[ 0.00051774]
LKDS-00840.mhd.npy	183	209	146	[ 1.]
LKDS-00840.mhd.npy	286	165	154	[  1.45389242e-23]
LKDS-00840.mhd.npy	355	263	195	[  1.21928983e-38]
LKDS-00840.mhd.npy	194	151	238	[  1.80220300e-27]
LKDS-00840.mhd.npy	308	233	255	[ 1.]
LKDS-00840.mhd.npy	318	228	256	[ 1.]
LKDS-00840.mhd.npy	380	223	263	[  1.91980518e-26]
LKDS-00840.mhd.npy	296	296	280	[  1.64538219e-26]
