LKDS-00012	8.14486328278	-130.019193972	-50.3999	1.0
LKDS-00012	-61.5739305862	-139.112949694	-29.3999	1.0
LKDS-00012	-81.277067984	-158.816087092	-16.3999	3.99939e-38
LKDS-00012	-75.2145641693	-153.511396254	-2.3999	1.0
LKDS-00012	74.8324052444	-177.003598536	109.6001	1.14408e-09
LKDS-00012	57.4027067772	-171.698907698	112.6001	1.0
LKDS-00022	51.4841	-213.3284	709.5001	2.18166e-34
LKDS-00022	50.76535	-216.92215	713.5001	8.40828e-08
LKDS-00022	26.32785	-211.8909	716.5001	1.0
LKDS-00022	81.6716	-205.42215	716.5001	1.0
LKDS-00027	-29.192031216	-151.666638326	-72.4999014305	1.0
LKDS-00027	-27.8209372276	-135.213510465	-62.6999015974	1.0
LKDS-00027	5.77086548862	-107.106083702	-22.0999022888	1.0
LKDS-00031	-21.9881247448	185.558762653	518.4001	1.0
LKDS-00031	-5.58186902275	100.109514101	554.6501	6.37633e-23
LKDS-00031	-4.89827503433	98.7423261238	559.6501	1.0
LKDS-00031	-4.21468104591	97.375138147	562.7751	0.00022992
LKDS-00031	-3.5310870575	95.3243561817	564.6501	1.0
LKDS-00031	-3.5310870575	89.1720102859	585.9001	2.32408e-37
LKDS-00031	35.4337702824	98.7423261238	703.4001	1.0
LKDS-00031	-65.0545460152	120.617333753	717.7751	2.50673e-07
LKDS-00037	-22.65615	-66.40615	187.1251	7.91561e-22
LKDS-00037	39.84385	-50.78115	289.0001	1.06554e-34
LKDS-00037	43.7501	-44.53115	294.6251	1.45991e-24
LKDS-00046	35.57785	-138.67215	1542.4001	1.0
LKDS-00046	44.9216	-191.85965	1577.4001	2.52034e-14
LKDS-00046	37.7341	-240.0159	1807.4001	1.0
LKDS-00046	29.82785	-235.7034	1810.4001	1.0
LKDS-00046	24.7966	-224.2034	1815.4001	1.64055e-30
LKDS-00046	-46.35965	-216.29715	1830.4001	1.0
LKDS-00046	93.07785	-201.2034	1854.4001	1.0
LKDS-00049	-49.7459501194	91.4884182049	930.8001	0.0802029
LKDS-00049	-56.7420460152	107.035297973	930.8001	3.19121e-35
LKDS-00049	-38.0857902931	82.9376343323	933.8001	3.76683e-28
LKDS-00049	-41.9725102352	87.6016982628	963.8001	0.00280318
LKDS-00049	25.6564167572	162.226721151	1011.8001	3.67388e-25
LKDS-00049	26.4337607456	159.894689186	1016.8001	2.25069e-20
LKDS-00049	39.6486085487	124.136865718	1022.8001	1.0
LKDS-00056	-113.351517336	16.6718424393	39.7501	3.36004e-37
LKDS-00056	-64.8515478539	-3.03127016296	79.7501	1.0
LKDS-00056	-0.43752588501	-62.8984199928	83.5001	3.96835e-33
LKDS-00056	41.9999474121	4.54685006866	148.5001	1.0
LKDS-00057	39.3011228195	-121.909842814	552.5001	0.999997
LKDS-00063	-65.4412592815	-15.2342187332	129.0001	9.00232e-31
LKDS-00063	-55.5389124321	-25.1365655827	151.5001	7.94292e-37
LKDS-00063	-64.6795402931	-9.90218581429	155.2501	1.59947e-05
LKDS-00063	-95.9100188183	-38.8475073742	159.0001	7.28717e-06
LKDS-00063	-100.480332749	22.8517306877	170.2501	1.0
LKDS-00063	-60.870945351	-29.7068795132	176.5001	1.0
LKDS-00063	-58.5857883858	-86.8358036446	186.5001	1.0
LKDS-00063	84.6173814369	-47.9881352352	246.5001	1.0
LKDS-00063	90.7111333443	-60.1756390499	256.5001	0.999999
LKDS-00063	-50.2068795132	-81.5037707256	260.2501	1.0
LKDS-00063	-44.8748465942	-54.0818871426	265.2501	1.0
LKDS-00063	26.7267383171	-29.7068795132	277.7501	1.0
LKDS-00063	-124.09362139	-25.8982845711	286.5001	1.0
LKDS-00063	51.1017459465	-94.4529935287	359.0001	2.1712e-08
LKDS-00063	-69.2498542236	-79.2186137604	376.5001	1.0
LKDS-00082	-9.13734277954	-34.3201624321	266.1251	0.00413371
LKDS-00082	72.9329959465	-38.0506323742	270.5001	4.3173e-16
LKDS-00082	-76.2858017372	-20.1443766521	291.7501	1.0
LKDS-00082	-73.3014257835	-31.3357864784	323.0001	1.0
LKDS-00094	-22.3818461346	-124.020507638	1544.70010277	1.0
LKDS-00094	28.999041493	-190.360387866	1722.90010985	0.07282
LKDS-00094	-46.4463124918	-185.157260005	1740.90011056	7.61698e-06
LKDS-00097	-56.4842301773	157.129078491	278.3001	0.999896
LKDS-00097	-58.5350121426	152.343920572	288.3001	3.2797e-30
LKDS-00097	-13.4178089069	157.812672479	300.3001	1.0
LKDS-00097	-46.9139143394	174.90252219	301.3001	1.0
LKDS-00097	9.14079271088	81.9337397648	318.3001	1.14278e-10
LKDS-00097	-72.8904858994	128.418130977	327.3001	2.72817e-10
LKDS-00097	69.9806576801	158.496266468	340.3001	1.0
LKDS-00097	59.0431538654	150.293138607	438.3001	1.0
LKDS-00097	61.7775298191	160.547048433	438.3001	1.0
LKDS-00097	36.4845522476	109.96109329	493.3001	1.71107e-09
LKDS-00098	-38.6045756134	-145.637749055	-338.0999	1.0
LKDS-00098	-28.4053518566	-159.479552725	-338.0999	2.52902e-23
LKDS-00098	14.5770911184	-190.805739978	-337.0999	3.45335e-24
LKDS-00098	-36.4190276655	-159.479552725	-324.0999	4.93313e-23
LKDS-00098	67.0302418676	-141.26665316	-281.0999	0.58625
LKDS-00098	84.5146254507	-191.534255961	-217.0999	9.85867e-25
LKDS-00098	37.1610865799	-202.4619957	-216.0999	0.00202188
LKDS-00098	91.0712692944	-195.905351857	-216.0999	1.0
LKDS-00098	67.0302418676	-204.647543648	-192.0999	4.08877e-31
LKDS-00103	-100.477349881	-149.817247275	27.0000997616	1.0
LKDS-00103	-90.31133962	-146.428577188	38.9000995589	1.0
LKDS-00103	-90.9890736374	-153.205917362	76.7000989152	1.0
LKDS-00103	-85.5672014984	-190.481288317	185.200097067	1.0
LKDS-00103	28.2921134201	-226.401191238	262.200095756	0.999988
LKDS-00103	-26.604341987	-225.72345722	279.00009547	1.0
LKDS-00106	38.7323623634	-131.033265498	-178.6999	1.0
LKDS-00106	45.3065832592	-144.181707289	-176.6999	4.27153e-19
LKDS-00106	40.9237693287	-182.166094687	-155.6999	1.0
LKDS-00106	-32.8535985016	-255.212993529	74.3001	3.63821e-38
LKDS-00106	-27.7403155827	-255.212993529	81.3001	1.72937e-30
LKDS-00124	42.4251	130.31885	389.2001	1.0
LKDS-00124	-92.73115	164.69385	393.2001	1.50052e-16
LKDS-00124	-80.23115	118.6001	423.2001	1.0
LKDS-00124	-52.8874	96.7251	437.2001	2.92904e-23
LKDS-00124	60.39385	189.69385	446.2001	4.2667e-12
LKDS-00124	82.26885	88.9126	493.2001	1.0
LKDS-00124	54.14385	150.63135	511.2001	1.0
LKDS-00124	86.1751	99.8501	512.2001	1.0
LKDS-00124	-129.4499	203.75635	529.2001	1.0
LKDS-00124	100.2376	135.7876	588.2001	1.87674e-25
LKDS-00124	104.14385	133.44385	628.2001	3.52717e-19
LKDS-00124	48.6751	71.7251	632.2001	1.0
LKDS-00124	9.6126	70.94385	647.2001	5.9743e-25
LKDS-00131	-48.9139143394	152.316567047	318.0501	0.0129379
LKDS-00131	-63.2693880962	172.140792711	412.4251	5.00564e-37
LKDS-00131	-71.4725159573	96.2618599964	418.6751	7.59289e-27
LKDS-00131	30.3829883171	235.031439645	446.1751	7.85883e-16
LKDS-00131	-44.8123504089	124.97280751	484.3001	0.999975
LKDS-00131	-50.9646963047	121.554837568	485.5501	1.26718e-28
LKDS-00131	72.7658155991	126.339995487	504.3001	1.0
LKDS-00131	11.9259506298	88.0587321354	568.0501	1.0
LKDS-00131	44.0548680855	90.1095141006	590.5501	0.998406
LKDS-00132	-47.2000309519	-174.463706761	1867.30010913	1.0
LKDS-00132	8.72769352875	-139.42465046	1888.30010997	1.0
LKDS-00139	87.5039621426	23.7949876619	193.7501	0.999999
LKDS-00139	66.0117779804	53.7305298878	198.7501	1.0
LKDS-00139	49.8926398588	-56.0331249403	242.5001	1.0
LKDS-00139	87.5039621426	-42.9842988419	251.2501	1.0
LKDS-00139	95.1797422005	-42.9842988419	257.5001	1.0
LKDS-00139	83.6660721136	-49.1249228882	260.0001	0.999989
LKDS-00139	98.2500542236	-48.3573448824	260.0001	9.23635e-17
LKDS-00143	-22.7109	-112.789025	-93.2999	1.0
LKDS-00143	14.867225	-117.99215	-69.2999	1.0
LKDS-00143	-42.36715	-115.67965	-36.2999	1.0
LKDS-00143	-57.976525	-100.070275	-27.2999	1.0
LKDS-00143	52.44535	-152.67965	-14.2999	1.0
LKDS-00143	87.13285	-124.92965	-5.2999	1.55831e-11
LKDS-00143	-42.36715	-142.851525	-1.2999	5.13549e-12
LKDS-00143	-71.851525	-105.851525	22.7001	1.0
LKDS-00143	-27.914025	-175.80465	32.7001	1.0
LKDS-00143	116.0391	-120.30465	52.7001	4.46023e-11
LKDS-00143	-24.445275	-168.289025	84.7001	1.0
LKDS-00143	-25.0234	-161.92965	84.7001	4.5328e-23
LKDS-00143	-44.67965	-160.7734	85.7001	1.0
LKDS-00143	-16.351525	-147.476525	86.7001	0.999999
LKDS-00155	32.4954845024	213.772838028	423.4601	1.16956e-11
LKDS-00155	26.3431386066	148.147815139	488.4601	7.57179e-23
LKDS-00155	-71.4108017372	130.374371441	722.4601	1.47149e-11
LKDS-00155	-63.8912678646	133.108747394	722.4601	1.36071e-16
LKDS-00158	16.6751686646	-43.5311023163	148.0001	1.0
LKDS-00159	-41.01547827	188.965018375	450.3251	1.0
LKDS-00159	48.5353342129	182.812672479	451.5751	1.0
LKDS-00159	23.9259506298	175.976732595	452.8251	1.0
LKDS-00159	-47.1678241657	209.472838028	471.5751	5.20052e-28
LKDS-00159	-12.3045307564	100.097799881	535.3251	3.7079e-11
LKDS-00159	-11.620936768	98.7306119038	540.9501	0.825426
LKDS-00159	26.6603265835	88.4767020775	577.8251	0.373447
LKDS-00159	35.5470484329	111.718897684	641.5751	1.0
LKDS-00164	18.4432541386	-144.205176209	-168.899901168	1.9538e-20
LKDS-00164	-13.3028293594	-151.587986325	-128.29990186	0.469483
LKDS-00164	38.3768414513	-166.353606556	-116.399902062	2.54069e-37
LKDS-00164	8.84560098801	-217.294996355	-93.9999024438	3.01526e-28
LKDS-00164	52.4041806713	-178.904383753	10.30009578	1.0
LKDS-00164	59.0487097755	-171.521573637	10.30009578	1.0
LKDS-00164	80.4588591114	-218.033277367	21.5000955893	6.18847e-31
LKDS-00164	-70.8887482628	-164.138763522	142.600093527	0.99477
LKDS-00167	11.2575346905	185.259760125	468.1801	1.35917e-22
LKDS-00167	-2.5100366396	135.986346943	502.1801	9.84152e-29
LKDS-00167	60.5309478718	107.001986249	702.1801	1.0
LKDS-00174	-50.8904858994	95.4142058922	335.7001	0.801695
LKDS-00174	121.375199182	143.265785081	430.7001	1.14553e-08
LKDS-00179	29.7228227688	151.567349012	539.9801	1.0
LKDS-00179	96.7150336338	144.047815139	537.9801	0.000645693
LKDS-00179	73.4728380276	174.12595063	548.9801	5.73342e-36
LKDS-00182	-5.8553418602	-199.058515498	1808.80010484	5.79883e-31
LKDS-00182	-3.62877792969	-202.027267405	1817.20010517	1.0
LKDS-00182	3.79310183868	-144.878793188	1934.20010982	1.0
LKDS-00199	7.61331902275	141.058631046	805.4001	1.0
LKDS-00199	6.16800699959	164.183623417	814.4001	1.0
LKDS-00199	-66.0975941586	78.9102140499	963.4001	1.20709e-30
LKDS-00205	76.2468233658	23.4374664856	109.7501	1.0
LKDS-00205	68.4343271805	63.4765094353	109.1251	1.0
LKDS-00205	70.3874512268	60.5468233658	114.7501	1.0
LKDS-00205	67.4577651573	61.5233853889	124.7501	1.0
LKDS-00206	-52.4451624321	150.859529359	-251.8999	2.43088e-24
LKDS-00206	35.0548680855	124.199363811	-249.8999	1.0
LKDS-00206	25.4845522476	133.086085661	-240.8999	1.0
LKDS-00206	-42.1912526058	91.386852367	-155.8999	1.0
LKDS-00206	-59.2811023163	67.4610627724	-138.8999	1.0
LKDS-00209	-47.9022001194	141.97280751	-489.3999	1.0
LKDS-00209	53.2697101665	135.820461614	-488.3999	1.0
LKDS-00209	32.0782965256	126.250145776	-482.3999	1.0
LKDS-00209	-9.62093676796	330.644748314	-438.3999	7.53016e-09
LKDS-00209	-93.7029973434	212.382988317	-438.3999	0.279876
LKDS-00209	-33.5467263626	157.011875255	-430.3999	1.4898e-18
LKDS-00209	-43.8006361889	129.668115718	-416.3999	1.0
LKDS-00209	-32.8631323742	107.109514101	-401.3999	1.0
LKDS-00209	-25.3435985016	122.148581846	-337.3999	1.0
LKDS-00209	79.2462817265	126.933739765	-318.3999	0.999999
LKDS-00211	-0.950975673103	178.287306292	-789.2999	8.1863e-25
LKDS-00211	-39.9568575787	203.67208658	-608.2999	1.0
LKDS-00215	-12.6717187332	106.99623595	383.1001	8.10041e-11
LKDS-00221	82.3624283386	3.6327880455	321.8751	1.0
LKDS-00221	-73.8484066414	-18.1640726494	355.0001	1.0
LKDS-00221	93.9874207092	16.7109044624	395.0001	0.000183607
LKDS-00222	172.397652095	-148.5436719	94.0000997616	1.0
LKDS-00222	11.1574924646	-141.600315744	142.300098939	4.6754e-33
LKDS-00222	15.7863965689	-137.742895657	148.600098832	6.67117e-32
LKDS-00222	30.4445928989	-130.028055483	246.600097163	5.48123e-21
LKDS-00222	-11.9870280565	-243.436206037	283.700096531	2.37801e-07
LKDS-00222	79.8195700108	-190.975292856	321.500095887	1.13417e-25
LKDS-00224	-39.2609143394	-43.4078542236	149.3227	1.0
LKDS-00224	-50.8820121426	-61.8648919109	161.3227	1.0
LKDS-00231	36.4778721643	-30.7615932392	108.2501	1.0
LKDS-00231	76.0286598516	-21.2401073145	194.5001	1.0
LKDS-00231	40.1399821354	76.9044399096	195.7501	1.0
LKDS-00231	82.6204577995	-15.3807313608	195.7501	0.00895617
LKDS-00231	19.6321662975	19.043102367	197.0001	1.0
LKDS-00231	23.2942762686	24.1700563265	197.0001	1.0
LKDS-00231	100.931007655	27.0997443033	199.5001	1.84811e-08
LKDS-00231	107.522805603	29.2970102859	199.5001	1.0
LKDS-00231	-15.5240894245	38.8184962107	214.5001	1.0
LKDS-00231	-6.00260349979	-32.2264372276	227.0001	0.00685217
LKDS-00231	22.5618542744	63.7208440138	225.7501	1.0
LKDS-00231	30.6184962107	73.2423299385	228.2501	1.0
LKDS-00231	92.1419437243	-30.029171245	255.7501	1.0
LKDS-00231	86.2825677706	-24.9022172855	258.2501	1.09487e-24
LKDS-00239	49.402521236	187.07047878	815.6001	1.0
LKDS-00239	-52.8631371426	191.453292711	874.6001	1.19808e-38
LKDS-00239	-66.7420479225	158.582188232	884.6001	1.0
LKDS-00239	-38.9842263626	166.617347105	885.6001	1.19104e-31
LKDS-00239	-85.003772633	163.695471151	902.6001	2.14466e-10
LKDS-00239	-79.1600207256	160.043126209	926.6001	1.0947e-24
LKDS-00239	-25.1053155827	111.832172973	927.6001	1.0
LKDS-00239	-25.8357845711	122.7892078	1014.6001	3.01071e-38
LKDS-00239	-36.7928193974	115.484517915	1015.6001	6.26951e-27
LKDS-00239	51.5939282013	127.902490718	1026.6001	1.0
LKDS-00239	80.812687738	149.816560371	1038.6001	1.0
LKDS-00245	3.20635	-42.890525	140.5001	3.90521e-18
LKDS-00245	-69.215525	-25.3124	176.7501	3.6353e-24
LKDS-00245	-40.3874	-59.0624	214.2501	4.02526e-38
LKDS-00245	-65.6999	-55.546775	284.2501	1.46313e-17
LKDS-00248	62.93135	-35.15615	69.7501	1.0
LKDS-00248	104.415725	7.03135	81.0001	1.67506e-36
LKDS-00248	55.9001	-50.6249	289.7501	7.70155e-06
LKDS-00248	65.040725	-52.734275	296.0001	1.60858e-33
LKDS-00251	-30.73465	-126.8284	1652.5001	1.0
LKDS-00251	46.89035	-130.42215	1657.5001	1.0
LKDS-00251	20.2966	-119.6409	1712.5001	1.0
LKDS-00251	7.3591	-200.85965	1739.5001	1.78598e-34
LKDS-00251	-39.35965	-197.98465	1853.5001	1.0
LKDS-00251	58.39035	-198.7034	1881.5001	7.2655e-07
LKDS-00251	26.0466	-214.5159	1940.5001	1.0
LKDS-00252	-48.3264868187	-13.314381616	1.2501	1.0
LKDS-00252	-53.8089078592	22.7129566504	87.5001	1.0
LKDS-00252	33.1266257835	-80.669840114	192.5001	1.39527e-25
LKDS-00258	119.793169124	137.187649591	-276.7999	1.77838e-07
LKDS-00258	-90.7537793087	217.851740224	-173.7999	9.00274e-38
LKDS-00258	-41.5350121426	129.668115718	-64.7999	0.881308
LKDS-00259	57.4001	8.59385	101.7501	1.71907e-33
LKDS-00262	12.2346	-109.2029	-12.2999007272	1.0
LKDS-00262	-3.2029	-122.2654	15.0000988079	1.67646e-30
LKDS-00262	-19.8279	-131.7654	31.8000985218	1.0
LKDS-00262	47.8596	-136.5154	36.7000984384	7.97492e-30
LKDS-00262	58.5471	-142.4529	27.6000985933	5.18386e-36
LKDS-00262	37.1721	-156.7029	36.0000984503	0.999995
LKDS-00262	38.95335	-147.79665	40.2000983788	5.06241e-28
LKDS-00262	50.2346	-137.7029	146.600096567	9.44743e-08
LKDS-00262	42.51585	-135.3279	146.600096567	1.0
LKDS-00262	82.2971	-164.42165	184.400095923	4.15471e-38
LKDS-00262	85.26585	-144.23415	186.500095887	4.32414e-24
LKDS-00262	58.5471	-174.5154	206.100095553	1.44272e-20
LKDS-00265	-46.9646963047	130.718897684	325.3001	1.39435e-05
LKDS-00265	48.7384620739	169.683755024	340.3001	1.0
LKDS-00266	-19.83115	20.3126	83.7501	0.999966
LKDS-00266	-65.14365	-70.3124	180.6251	1.0
LKDS-00266	1.2626	12.5001	207.5001	1.96047e-15
LKDS-00266	-59.6749	-47.65615	256.8751	1.0
LKDS-00266	70.0126	-52.34365	266.2501	1.0
LKDS-00266	-47.1749	-48.4374	273.1251	4.14822e-26
LKDS-00266	61.41885	-31.2499	273.7501	1.0
LKDS-00271	2.16387022266	18.9757161184	126.9144	1.0
LKDS-00271	-45.4611526655	-69.5770608143	275.9144	1.0
LKDS-00271	-70.7619460749	-59.1590870575	277.9144	1.0
LKDS-00271	-65.5529591965	-48.7411133007	277.9144	6.42816e-07
LKDS-00271	4.39629317055	-5.58093630829	300.9144	1.0
LKDS-00271	-62.576395266	-80.7391755537	362.9144	9.3211e-29
LKDS-00271	-67.0412411617	-80.7391755537	368.9144	1.0
LKDS-00271	96.6697750164	-45.0204083876	381.9144	1.0
LKDS-00271	-52.9025624918	-82.9715985016	389.9144	1.0
LKDS-00271	-72.9943690228	-75.5301886753	406.9144	1.0
LKDS-00271	-67.0412411617	-85.9481624321	408.9144	8.15716e-23
LKDS-00274	-17.0565684437	23.5843566414	-137.0859	0.899006
LKDS-00274	112.142695367	-4.44299688377	14.9141	4.25309e-14
LKDS-00274	75.2286199928	-5.81018486061	61.9141	6.54341e-26
LKDS-00274	60.873146236	-56.3961400036	100.9141	3.84213e-14
LKDS-00274	58.8223642708	-65.282861853	104.9141	1.0
LKDS-00274	47.8848604561	-61.8648919109	108.9141	1.0
LKDS-00274	-66.2753356098	-51.6109820847	136.9141	6.80814e-12
LKDS-00285	76.2890094353	50.4999474121	89.2501	6.13571e-30
LKDS-00285	77.8671334816	31.5624588562	93.0001	1.99571e-31
LKDS-00285	92.0702498985	41.0312031342	111.7501	5.8656e-21
LKDS-00285	-52.3281003403	50.4999474121	114.2501	1.25366e-16
LKDS-00285	-16.0312472748	-37.085937159	121.1251	1.0
LKDS-00285	61.2968309952	-17.3593865799	160.5001	1.0
LKDS-00285	-15.2421852516	18.1484044624	201.7501	1.0
LKDS-00285	111.796800478	-7.10158027878	234.2501	1.0
LKDS-00285	93.6483739449	63.9140018059	236.1251	0.94807
LKDS-00285	-2.61719288101	86.0077384544	244.8751	0.00944823
LKDS-00285	56.5624588562	-1.57814611664	252.3751	9.98256e-08
LKDS-00285	56.5624588562	-0.789084093475	254.2501	0.985715
LKDS-00285	58.9296449257	-67.8593560623	346.7501	1.0
LKDS-00285	37.6249703003	-63.1249839233	349.2501	1.0
LKDS-00285	39.9921563698	-77.3281003403	378.0001	1.0
LKDS-00298	-42.63315	-185.69565	312.800095351	1.0
LKDS-00298	-91.242525	-157.805025	340.100094886	1.0
LKDS-00298	98.413725	-123.5394	344.300094814	1.50283e-18
LKDS-00300	-43.8954691929	-191.590781216	-173.9999	1.0
LKDS-00300	-73.6376609844	-175.067341332	-135.9999	1.0
LKDS-00300	-62.0712530655	-180.024373297	-134.9999	0.90594
LKDS-00300	-41.4169532103	-218.854457025	-122.9999	1.0
LKDS-00305	27.7125914513	-175.775665718	145.700096173	0.999819
LKDS-00305	22.6539993702	-162.045201498	158.300095959	1.0
LKDS-00305	-92.9709624828	-249.4865789	237.400094612	1.90949e-28
LKDS-00305	-111.037362772	-229.252210575	262.600094183	2.02835e-08
LKDS-00308	72.7346438004	-28.9451090263	43.3751	1.0
LKDS-00308	-45.2732445168	-23.7497931885	89.0001	1.0
LKDS-00308	-34.1404248642	-33.3982368874	96.5001	2.66275e-27
LKDS-00308	-46.7576204704	-21.523229258	107.7501	1.0
LKDS-00308	-38.5935527252	-51.2107483315	121.5001	2.0098e-18
LKDS-00308	-74.2185756134	-18.5544773506	184.0001	1.5967e-33
LKDS-00308	93.5159071518	1.48459802399	210.2501	1.0
LKDS-00308	69.0237039162	-17.8122893738	214.0001	1.0
LKDS-00308	129.14093004	-66.796695845	233.3751	8.14868e-35
LKDS-00309	66.1856088472	139.031317575	748.5001	1.0
LKDS-00309	24.8496765924	182.246155841	767.5001	0.991933
LKDS-00309	55.8516257835	158.759830697	825.5001	2.03539e-19
LKDS-00309	64.3067028357	129.636787517	847.5001	1.0
LKDS-00309	-27.7596917318	80.785231216	1050.5001	1.0
LKDS-00313	11.2620942093	-218.30826359	-232.59990205	1.71079e-13
LKDS-00313	105.73872299	-137.425394347	-231.199902074	1.00721e-08
LKDS-00313	-72.3395269417	-164.61291342	-228.399902122	0.0161415
LKDS-00313	-24.7613685631	-210.831695845	-162.599903242	1.0
LKDS-00313	-28.8394964241	-170.050417235	-155.599903362	1.97667e-09
LKDS-00313	-42.4332559608	-182.284800818	-140.199903624	1.0
LKDS-00313	33.0121094681	-155.097281744	-136.699903684	1.0
LKDS-00313	98.2621552444	-206.073880007	-118.499903994	1.72229e-11
LKDS-00313	-5.0504172348	-229.862959196	-0.899905996227	8.60644e-12
LKDS-00316	-44.4842301773	154.96109329	845.5001	2.25603e-07
LKDS-00316	-34.9139143394	139.238431556	852.5001	0.999951
LKDS-00316	-34.9139143394	154.96109329	859.5001	1.0
LKDS-00316	-48.5857941078	126.933739765	863.5001	0.964556
LKDS-00316	11.570476873	161.113439186	962.5001	1.0
LKDS-00322	-0.4249	-39.84365	212.8751	1.0
LKDS-00322	6.60635	-44.53115	213.5001	1.0
LKDS-00322	-0.4249	-19.53115	274.7501	1.0
LKDS-00322	-55.89365	10.15635	417.8751	0.09345
LKDS-00322	-62.9249	7.03135	441.0001	1.0
LKDS-00322	-59.01865	17.96885	427.2501	1.18473e-25
LKDS-00322	-60.58115	17.1876	442.2501	1.0
LKDS-00322	-76.9874	15.6251	433.5001	1.43097e-09
LKDS-00322	-60.58115	-0.78115	468.5001	9.42232e-21
LKDS-00322	-66.0499	25.0001	468.5001	1.07576e-16
LKDS-00322	46.4501	-35.15615	473.5001	1.0
LKDS-00322	53.48135	23.4376	480.3751	1.0
LKDS-00322	53.48135	-0.78115	487.8751	1.0
LKDS-00322	-56.6749	-53.90615	487.2501	1.01537e-32
LKDS-00322	65.2001	30.46885	490.3751	0.9999
LKDS-00322	61.29385	-55.46865	517.2501	8.21259e-35
LKDS-00322	-80.1124	-55.46865	517.8751	1.31879e-37
LKDS-00322	-117.6124	25.78135	517.8751	1.0
LKDS-00322	-80.89365	-51.5624	526.0001	1.92468e-22
LKDS-00322	75.35635	-1.5624	538.5001	3.93577e-15
LKDS-00322	92.54385	-33.59365	569.7501	4.83183e-32
LKDS-00328	-50.8514181541	132.035303695	860.6001	1.0
LKDS-00328	8.62125883827	332.328342302	906.6001	3.39681e-11
LKDS-00328	-46.7498542236	125.8829578	908.6001	1.0668e-36
LKDS-00328	-63.8397039341	228.422056062	954.6001	1.0
LKDS-00328	-82.9803356098	221.586116178	957.6001	1.0
LKDS-00328	35.2814243866	75.2970026566	1106.6001	1.97917e-34
LKDS-00330	-77.17215	-93.42215	506.0001	1.74158e-34
LKDS-00332	-65.04715	-232.3909	1840.5001	0.999998
LKDS-00332	-60.0159	-230.9534	1947.5001	1.0
LKDS-00341	-3.10133327713	176.539288862	27.8001	5.95082e-13
LKDS-00341	29.5940006805	133.672073228	86.8001	3.34121e-29
LKDS-00341	31.7736896111	131.492384298	89.8001	4.3706e-11
LKDS-00341	79.7268460823	213.594000681	173.8001	1.2015e-32
LKDS-00341	-51.7810527252	87.8986056877	185.8001	1.0
LKDS-00341	-43.0622970032	95.8907984329	185.8001	6.46431e-11
LKDS-00341	-125.890476363	109.695494993	218.8001	0.980091
LKDS-00346	-61.8124	45.703225	93.0001	1.24535e-06
LKDS-00346	-65.328025	-29.53115	103.0001	2.75249e-23
LKDS-00346	-57.59365	35.15635	105.5001	3.527e-26
LKDS-00346	-16.8124	-77.34365	129.2501	1.0
LKDS-00346	-59.703025	-5.6249	129.2501	1.0
LKDS-00346	-61.109275	-22.4999	133.0001	1.0
LKDS-00346	-69.546775	-49.21865	140.5001	1.62409e-13
LKDS-00346	-78.6874	-8.4374	166.7501	1.0
LKDS-00346	-84.3124	-6.328025	176.7501	7.2566e-35
LKDS-00346	72.484475	-15.46865	209.2501	1.0
LKDS-00346	19.046975	71.015725	274.2501	1.0
LKDS-00346	-127.203025	20.390725	286.7501	1.62618e-19
LKDS-00346	-106.8124	52.734475	290.5001	1.0
LKDS-00346	-98.3749	63.28135	293.0001	1.0
LKDS-00346	-94.15615	71.71885	295.5001	1.0
LKDS-00347	21.0273743702	106.925842865	404.8001	1.0
LKDS-00347	-47.8397926258	150.16801749	436.8001	1.0
LKDS-00347	-51.8436976837	97.3164707256	469.8001	0.999549
LKDS-00347	-52.6444786953	121.339901073	487.8001	0.999879
LKDS-00347	-47.0390116142	195.81253515	510.8001	0.000141726
LKDS-00347	-58.2499457764	203.019564254	511.8001	1.0
LKDS-00347	36.2422135902	203.820345266	521.8001	2.1407e-11
LKDS-00347	-104.695244448	207.023469312	521.8001	1.0
LKDS-00347	30.6367465092	192.609411104	523.8001	1.0
LKDS-00347	59.4648629261	223.039089544	530.8001	1.0
LKDS-00347	48.253928764	227.843775613	535.8001	7.6434e-32
LKDS-00352	2.17593537102	110.00795017	706.1001	0.999999
LKDS-00352	-3.29281653633	172.215003116	709.1001	0.999952
LKDS-00352	-38.8397039341	139.402491672	722.1001	1.0
LKDS-00352	-40.8904858994	131.199363811	729.1001	1.0
LKDS-00352	-36.1053279804	125.047017915	743.1001	1.0
LKDS-00352	-64.816275494	135.98452173	789.1001	1.0
LKDS-00352	-57.2967416214	194.090010746	804.1001	1.0
LKDS-00352	-70.9686213898	196.140792711	805.1001	0.295287
LKDS-00352	-64.1326815056	196.140792711	805.1001	1.0
LKDS-00352	-75.7537793087	196.140792711	807.1001	6.53991e-35
LKDS-00352	58.9142364098	167.429845197	809.1001	1.0
LKDS-00352	76.0040861202	174.265785081	808.1001	1.0
LKDS-00352	46.6095446182	161.277499302	810.1001	1.0
LKDS-00352	-40.2068919109	211.863454445	822.1001	1.78512e-37
LKDS-00355	25.6280944777	33.2600945483	-635.9999	1.0
LKDS-00355	-63.9739030169	-12.8029041637	-602.9999	2.0409e-15
LKDS-00355	-84.1659024524	13.6990950953	-594.9999	1.0
LKDS-00355	-17.2799043225	-38.6739034404	-548.9999	2.38512e-21
LKDS-00355	-15.3869043755	-43.0909033169	-544.9999	0.00073365
LKDS-00355	-15.3869043755	-49.4009031404	-536.9999	1.00334e-10
LKDS-00355	27.5210944248	-59.4969028582	-490.9999	1.0
LKDS-00355	-41.8889036345	-67.0689026464	-482.9999	1.0
LKDS-00355	-48.198903458	-68.9619025935	-476.9999	7.53596e-17
LKDS-00355	-53.2469033169	-70.8549025406	-472.9999	1.0
LKDS-00355	79.2630929781	-14.6959041108	-465.9999	9.84596e-27
LKDS-00355	-67.7599029111	-41.1979033698	-462.9999	5.77097e-05
LKDS-00355	-54.5089032816	-70.8549025406	-460.9999	1.85605e-06
LKDS-00355	62.8570934368	-8.38590428724	-455.9999	1.45931e-10
LKDS-00355	63.4880934192	8.02009525404	-450.9999	6.93265e-35
LKDS-00355	12.3770948483	20.6400949012	-449.9999	8.76312e-20
LKDS-00361	-53.8137600054	-165.475846135	44.0001	1.0
LKDS-00361	58.8230152498	-177.594992839	119.0001	1.19078e-14
LKDS-00361	54.5456693541	-191.852812492	125.0001	3.08778e-26
LKDS-00361	-71.6360345711	-193.99148544	205.0001	1.0
LKDS-00362	-10.0474682735	-15.868958013	23.0001	1.46597e-05
LKDS-00362	53.4291299892	-41.2595973181	314.2501	0.827534
LKDS-00366	-37.58115	63.28135	15.7501	2.59183e-17
LKDS-00366	0.3876	36.5626	67.0001	1.62711e-19
LKDS-00366	62.965725	-49.21865	224.5001	3.76369e-12
LKDS-00373	27.1683651901	-119.901962092	1404.5001	1.0
LKDS-00373	10.855853746	-123.300401976	1437.5001	1.0
LKDS-00373	11.5355417229	-121.941026022	1441.5001	1.0
LKDS-00373	56.3949481941	-157.284800818	1639.5001	1.0
LKDS-00373	61.152764032	-160.003552725	1646.5001	1.0
LKDS-00373	55.0355722404	-153.206672957	1646.5001	1.0
LKDS-00373	74.0668355919	-165.44105654	1660.5001	1.0
LKDS-00377	-73.4861698317	190.625214441	-47.3999	3.87235e-12
LKDS-00377	-93.6482902931	208.185770972	8.6001	0.923997
LKDS-00377	29.9259964062	96.3185219599	173.6001	1.0
LKDS-00377	26.0236505104	90.4650031162	183.6001	3.2389e-24
LKDS-00382	-37.5755722584	-162.380256421	-114.299900906	1.0
LKDS-00382	-0.931026941681	-120.766959196	-102.399901109	5.05241e-21
LKDS-00382	4.03772496567	-193.434955841	-83.4999014305	1.57355e-25
LKDS-00382	40.0611762939	-151.200564629	-65.2999017405	1.0
LKDS-00382	-56.8294858994	-177.907606131	-56.1999018954	8.28853e-09
LKDS-00382	-50.6185460152	-173.559948212	-49.8999020027	1.0
LKDS-00382	69.873687738	-203.993553645	95.0000955297	1.0
LKDS-00382	30.7447664677	-192.192767865	137.000094814	7.56653e-32
LKDS-00383	0.649993188477	18.0468386246	34.5001	5.38556e-36
LKDS-00383	42.7593348099	-15.6406346725	233.2501	2.06877e-28
LKDS-00383	68.6265018059	-41.5078016685	247.0001	0.000604198
LKDS-00383	75.2436840607	-48.7265459465	270.7501	1.13887e-31
LKDS-00385	-10.1287239956	334.85769747	751.6001	9.29421e-25
LKDS-00385	38.6798947884	198.193564875	768.6001	1.0
LKDS-00385	-8.03692604771	163.330265744	797.6001	0.469677
LKDS-00385	0.330265743828	182.156447275	798.6001	1.44459e-26
LKDS-00385	-40.1111612486	157.0548719	832.6001	1.0
LKDS-00385	-11.5232559608	219.808810337	827.6001	1.0
LKDS-00385	42.1662247015	147.990414126	832.6001	0.994751
LKDS-00385	74.2404599024	151.476744039	847.6001	1.0
LKDS-00385	79.1213217808	105.457189186	904.6001	1.0
LKDS-00385	-57.5428108143	131.256030543	946.6001	1.0
LKDS-00385	105.617429121	185.642777188	958.6001	6.73633e-24
LKDS-00385	53.3224804235	226.08420418	961.6001	1.0
LKDS-00385	40.7716927362	154.963073952	959.6001	1.0
LKDS-00385	62.3869381977	178.670117362	970.6001	1.0
LKDS-00386	-12.620936768	111.89467202	133.2001	3.33277e-28
LKDS-00386	-37.9139143394	148.808747394	184.2001	3.76782e-21
LKDS-00397	30.9259506298	203.084552248	293.9101	1.0
LKDS-00397	46.6486123634	108.748581846	402.9101	0.120519
LKDS-00397	76.7267478539	116.951709707	414.9101	1.0
LKDS-00397	-49.7381400036	149.764221151	440.9101	2.80485e-23
LKDS-00397	112.273635252	202.400958259	477.9101	1.0
LKDS-00397	-62.7264257835	242.733003576	506.9101	0.999951
LKDS-00397	84.2462817265	134.041559417	553.9101	0.99981
LKDS-00397	26.8243866993	119.002491672	556.9101	0.117714
LKDS-00397	-35.3826662468	117.635303695	571.9101	1.0
LKDS-00399	29.734475	183.8126	398.1001	1.0
LKDS-00399	-21.609275	137.4376	498.1001	2.72037e-14
LKDS-00399	-44.796775	67.8751	546.1001	1.0
LKDS-00399	100.953225	58.765725	608.1001	1.0
LKDS-00399	-51.421775	134.1251	651.1001	1.0
LKDS-00400	27.0466	-196.8284	1315.3001	1.0
LKDS-00410	-52.1315485777	-185.901091987	-21.8999	1.0
LKDS-00410	81.3351864277	-195.158900196	86.1001	3.43741e-16
LKDS-00414	80.232663138	146.191595657	356.8001	1.0
LKDS-00414	77.0588332249	160.791213257	359.8001	2.56424e-23
LKDS-00414	82.1369610859	139.843935831	364.8001	1.0
LKDS-00417	62.2406439377	-33.0897945332	128.7501	1.0
LKDS-00417	-80.1225932049	-16.1601122784	182.5001	4.06438e-27
LKDS-00417	-103.978054564	-103.886647599	321.2501	0.990079
LKDS-00422	-6.46952924004	4.09180353413	152.2501	1.0
LKDS-00422	-7.28788825741	11.4570346905	153.5001	0.999998
LKDS-00435	-74.6482902931	113.453273637	-537.1999	1.0
LKDS-00435	-73.9646963047	149.000161035	-489.1999	0.999732
LKDS-00435	-64.3943804668	99.0977998806	-478.1999	1.42227e-17
LKDS-00435	-69.8631323742	107.300927742	-474.1999	1.47954e-24
LKDS-00435	-77.3826662468	107.98452173	-462.1999	6.15164e-15
LKDS-00435	-59.6092225479	79.9571682049	-450.1999	0.317799
LKDS-00435	-53.4568766521	69.7032583786	-446.1999	1.0
LKDS-00438	-48.4374	49.21885	67.2501	1.0
LKDS-00438	-88.28115	82.03135	129.7501	4.31164e-11
LKDS-00439	-9.35915579071	331.297202928	710.5001	1.0
LKDS-00439	-8.63259281387	330.570639951	712.5001	1.90439e-19
LKDS-00439	-8.63259281387	330.570639951	716.5001	9.58242e-15
LKDS-00439	-8.63259281387	330.570639951	729.5001	5.06928e-09
LKDS-00439	-8.63259281387	331.297202928	731.5001	1.0
LKDS-00439	7.35179267654	330.570639951	731.5001	0.834917
LKDS-00439	-7.90602983704	331.297202928	734.5001	0.000735888
LKDS-00439	-42.0544897484	132.218947275	764.5001	1.0
LKDS-00439	-34.0622970032	127.133006437	766.5001	1.0
LKDS-00439	96.7190388275	140.937702997	841.5001	6.33831e-35
LKDS-00439	66.2033938004	181.6252297	860.5001	0.360229
LKDS-00441	18.9142364098	168.582191093	241.8751	2.41261e-23
LKDS-00441	39.4220560623	203.445484502	279.3751	1.42724e-21
LKDS-00441	-58.3318842815	189.773604734	311.8751	3.31837e-23
LKDS-00441	-45.3435985016	220.535334213	325.0001	2.31086e-09
LKDS-00441	-40.5584405827	152.175935371	350.6251	1.0
LKDS-00441	-88.410019772	196.609544618	354.3751	1.13205e-09
LKDS-00441	-82.9412678646	156.96109329	352.5001	9.18683e-34
LKDS-00441	-67.218606131	228.054868085	358.7501	0.999984
LKDS-00441	-91.1443957256	189.090010746	362.5001	7.23084e-15
LKDS-00441	-105.499869482	190.457198722	375.6251	1.52201e-29
LKDS-00441	-75.421733992	128.933739765	378.1251	7.75912e-07
LKDS-00441	-43.9764105247	122.097799881	378.7501	9.99313e-17
LKDS-00441	-41.2420345711	181.570476873	429.3751	1.03372e-22
LKDS-00441	74.9689434601	163.113439186	462.5001	1.0
LKDS-00441	-8.42952312698	98.1720102859	517.5001	1.14708e-29
LKDS-00441	25.7501762939	111.843890054	558.7501	2.19527e-38
LKDS-00444	57.2449840427	-126.600724685	1638.8001052	0.999999
LKDS-00444	63.411000979	-156.870262372	1791.80011128	1.0
LKDS-00444	103.770384562	-129.96400665	1819.40011237	3.00226e-17
LKDS-00446	86.1212893559	154.96109329	163.0001	2.59154e-17
LKDS-00446	64.2462817265	96.8556042744	166.0001	1.0
LKDS-00446	71.7658155991	98.2227922512	166.0001	1.0
LKDS-00446	93.6408232285	135.820461614	170.0001	1.0
LKDS-00449	-66.5945006298	19.9863269163	51.7501	1.25348e-06
LKDS-00449	-77.6980108904	-5.18162967434	88.0001	5.91255e-23
LKDS-00449	-29.5827997612	16.2851568295	100.5001	1.92283e-18
LKDS-00449	-48.8288842129	-88.08783962	164.2501	1.0
LKDS-00449	-61.4128625082	-62.179649012	178.0001	5.48625e-26
LKDS-00449	73.3097286535	-44.4140325951	186.7501	1.0
LKDS-00449	78.4913667751	-48.8554366993	188.0001	1.0
LKDS-00449	-9.59648129215	-13.3242038654	193.0001	2.03416e-16
LKDS-00449	-19.9597575354	-8.8827997612	195.5001	1.0
LKDS-00449	-19.219523518	-10.3632677959	198.0001	1.37526e-30
LKDS-00449	-10.3367153095	-24.427714126	200.5001	1.0
LKDS-00449	59.9855163408	-19.9863100218	204.2501	0.00149604
LKDS-00452	71.6716	-207.04715	1791.5001	8.1454e-09
LKDS-00453	50.6203376366	-13.2890192436	34.5001	3.43956e-28
LKDS-00455	-89.76865	-32.8124	106.0001	1.0
LKDS-00455	89.1376	-57.8124	168.5001	1.24137e-27
LKDS-00455	28.2001	-81.2499	172.8751	1.0
LKDS-00458	38.851808889	35.6252449585	34.5001	1.0
LKDS-00458	24.0080493523	39.3361848427	122.0001	1.52198e-07
LKDS-00458	56.6643203331	20.7814854218	157.0001	6.32419e-34
LKDS-00458	-76.9295154976	-71.9920116829	208.2501	1.0
LKDS-00458	6.93772588501	17.8127335144	228.2501	0.999708
LKDS-00458	12.1330417229	16.3283575607	244.5001	4.20933e-20
LKDS-00458	13.6174176765	15.5861695839	248.2501	1.0712e-15
LKDS-00458	15.1017936302	16.3283575607	252.0001	1.0
LKDS-00489	3.78531895409	187.090010746	272.1501	2.22672e-23
LKDS-00489	4.4689129425	187.090010746	273.4001	1.0
LKDS-00489	-100.120967286	174.785318954	284.6501	8.72628e-38
LKDS-00489	-40.6482902931	141.97280751	324.0251	1.0
LKDS-00489	-80.2967416214	103.691544159	322.7751	6.33651e-12
LKDS-00489	-47.4842301773	128.98452173	402.7751	1.0
LKDS-00489	-65.2576738762	122.832175834	409.0251	6.54828e-25
LKDS-00489	-85.7654935287	146.757965429	413.4001	1.31158e-06
LKDS-00489	104.95722924	105.742326124	419.6501	0.999991
LKDS-00489	96.0705073906	112.578266008	477.1501	1.86995e-34
LKDS-00489	-65.9412678646	72.2462206913	479.6501	1.23596e-32
LKDS-00489	113.843951089	146.757965429	483.4001	1.0
LKDS-00489	85.1330035759	85.2345064713	504.6501	1.03307e-33
LKDS-00490	44.2697101665	189.824386699	-520.8999	1.03134e-06
LKDS-00490	-46.6482902931	157.695469244	-518.8999	1.0
LKDS-00490	-52.1170422005	179.570476873	-518.8999	0.999999
LKDS-00490	42.2189282013	204.179860456	-514.8999	1.0
LKDS-00490	-40.4959443974	190.507980688	-513.8999	4.17811e-10
LKDS-00490	-41.8631323742	197.343920572	-513.8999	0.999996
LKDS-00490	-37.0779744553	186.406416757	-512.8999	1.12971e-21
LKDS-00490	-57.5857941078	195.293138607	-508.8999	0.0868842
LKDS-00490	-41.8631323742	200.761890514	-507.8999	5.20522e-11
LKDS-00490	-86.2967416214	177.519694908	-491.8999	1.23844e-37
LKDS-00490	-32.9764105247	112.578266008	-487.8999	1.0
LKDS-00490	96.2228532864	183.672040804	-487.8999	0.999987
LKDS-00490	18.2931386066	171.367349012	-479.8999	0.999752
LKDS-00490	-1.5310870575	178.203288896	-479.8999	1.0
LKDS-00490	-101.335809367	153.593905313	-472.8999	0.0506733
LKDS-00490	-13.835778849	99.589980228	-465.8999	0.917129
LKDS-00490	-97.2342454361	193.92595063	-462.8999	1.0
LKDS-00490	-106.804561274	191.875168665	-451.8999	1.0
LKDS-00490	-86.9803356098	191.875168665	-450.8999	0.0279525
LKDS-00490	-54.1678241657	83.183724506	-391.8999	1.1679e-10
LKDS-00490	-54.8514181541	101.640762193	-380.8999	1.22837e-24
LKDS-00490	55.8908079697	70.8790327145	-366.8999	1.0
LKDS-00490	66.1447177959	87.2852884365	-362.8999	4.56401e-07
LKDS-00490	-42.5467263626	88.6524764133	-342.8999	4.92961e-07
LKDS-00490	-39.8123504089	135.136867626	-318.8999	0.00326572
LKDS-00490	64.7775298191	123.515769823	-318.8999	1.0
LKDS-00490	-65.7889219688	146.074371441	-302.8999	2.90657e-38
LKDS-00490	47.6876801086	136.504055603	-301.8999	1.0
LKDS-00490	62.7267478539	141.97280751	-295.8999	0.013435
LKDS-00495	-63.3382738165	-107.474968963	-96.9999	1.0
LKDS-00495	-45.8929579786	-210.277723008	1.0001	9.76443e-32
LKDS-00495	-87.0140595964	-210.900770002	3.0001	1.0
LKDS-00495	94.2926157185	-195.947642141	13.0001	1.0
LKDS-00495	82.4547228285	-162.926151448	63.0001	1.0
LKDS-00500	17.28135	5.46885	80.8751	1.0
LKDS-00500	47.7501	-26.5624	195.2501	1.0
LKDS-00500	-85.0624	46.09385	204.0001	1.0
LKDS-00500	-110.84365	43.7501	208.3751	1.7273e-14
LKDS-00500	80.5626	-6.2499	212.7501	3.51558e-28
LKDS-00500	62.59385	5.46885	213.3751	4.07394e-30
LKDS-00500	71.96885	-22.65615	214.0001	4.82937e-14
LKDS-00500	-47.5624	49.21885	238.3751	1.0
LKDS-00500	-56.9374	58.59385	239.0001	0.985559
LKDS-00500	-113.96865	60.15635	247.7501	5.51706e-20
LKDS-00502	-62.4021991657	113.093897684	654.9001	1.0
LKDS-00502	-99.6561175751	69.2657583786	728.9001	1.0
LKDS-00502	84.4220675064	94.1017039848	804.9001	1.3895e-05
LKDS-00502	80.0392535759	99.2149869038	804.9001	1.93498e-09
LKDS-00502	5.5314167572	135.738436325	807.9001	2.61183e-32
LKDS-00502	17.9493895603	25.4376190735	890.9001	1.64673e-24
LKDS-00502	-25.1482807564	33.4727779461	900.9001	1.0
LKDS-00516	115.85566531	46.4845522476	148.7501	1.0
LKDS-00516	26.3048528267	-52.6365760731	150.0001	3.71527e-38
LKDS-00516	31.0900107456	-0.683432953262	226.2501	0.824051
LKDS-00516	54.3322063519	0.00016103515625	226.2501	1.0
LKDS-00516	-43.421733992	-12.9881247448	253.7501	1.0
LKDS-00518	-38.8123046326	206.968996866	843.6001	1.0
LKDS-00518	-24.5935450958	204.836182935	845.6001	1.0
LKDS-00518	-38.8123046326	151.515834673	868.6001	7.02777e-12
LKDS-00518	-35.2576147484	103.882990224	1003.6001	2.06203e-20
LKDS-00518	-37.3904286789	123.789253576	1005.6001	0.99994
LKDS-00518	-43.0779324936	118.101749761	1006.6001	4.56381e-37
LKDS-00518	8.82053981552	165.023656232	1019.6001	0.999999
LKDS-00523	43.5435655647	-209.30028171	1864.30010949	1.5001e-16
LKDS-00526	-84.6203744463	-87.2571725897	111.2001	4.73835e-25
LKDS-00526	71.1705642887	-164.790337449	156.2001	1.0
LKDS-00535	-36.6990722584	179.558762653	-48.2999	1.0
LKDS-00535	12.5196949078	152.215003116	151.7001	1.0
LKDS-00535	-20.2928165363	91.375138147	155.7001	2.64326e-16
LKDS-00536	44.8126724792	184.699394329	509.1001	9.58706e-05
LKDS-00536	-44.0545460152	112.238431556	657.1001	1.0
LKDS-00543	20.8856455809	-119.26865046	772.100101884	9.39969e-30
LKDS-00543	24.5672856098	-111.169042396	803.900103147	1.0
LKDS-00543	-9.30380265656	-128.104586529	827.300104077	1.0
LKDS-00543	-62.3194190735	-166.39364283	925.700107987	1.0
LKDS-00547	25.2931386066	-15.0389067101	51.7501	1.29232e-08
LKDS-00547	23.2423566414	-43.7498542236	101.7501	1.86617e-17
LKDS-00547	26.6603265835	-77.9295536446	121.7501	1.0
LKDS-00547	-20.5076586174	-97.7537793087	208.0001	1.0
LKDS-00547	91.6017554832	-29.3943804668	223.0001	1.0
LKDS-00547	94.3361314369	-73.8279897141	236.7501	1.0
LKDS-00548	6.68966301117	-175.439225834	1425.0001	0.000630794
LKDS-00548	52.7091759029	-145.556425255	1556.0001	1.0
LKDS-00548	31.193559486	-156.314233464	1576.0001	1.0
LKDS-00551	-54.8826929497	43.2130281759	40.0001	7.53275e-38
LKDS-00551	46.1915422512	47.6075601412	50.0001	1.0
LKDS-00551	-62.939334886	1.464974506	165.0001	7.2289e-25
LKDS-00551	100.390769823	77.6368619038	191.2501	1.0
LKDS-00551	56.4454501701	95.947411759	202.5001	8.93313e-14
LKDS-00551	-89.3065266775	25.6349003149	208.7501	1.0
LKDS-00551	-87.8416826891	42.4806061817	211.2501	1.0
LKDS-00551	59.375138147	100.341943724	218.7501	1.0
LKDS-00551	82.0802199675	-40.2830791639	256.2501	0.999997
LKDS-00551	74.7560000254	-38.8182351755	266.2501	1.0
LKDS-00551	101.123191817	-37.3533911871	273.7501	1.0
LKDS-00559	39.6457639051	12.7617856098	-80.7499	1.61759e-26
LKDS-00559	-42.7253129171	-36.5448448824	-38.8749	0.999998
LKDS-00559	-40.9850788998	-20.882738726	-33.2499	2.961e-17
LKDS-00559	-72.8893692183	-25.5233627724	-15.7499	1.0
LKDS-00559	87.7922383858	33.0645158125	-18.8749	1.14911e-25
LKDS-00559	-62.447965114	-23.783128755	-11.9999	1.06875e-05
LKDS-00559	-63.0280431198	-38.8651569056	-6.9999	1.791e-28
LKDS-00559	44.2863879515	37.125061853	-6.3749	2.46344e-23
LKDS-00561	-5.38433709183	99.287687738	444.8901	1.77709e-18
LKDS-00561	8.81879649124	151.365844209	573.8901	1.0
LKDS-00561	-18.7984076981	75.6157984329	654.8901	5.43665e-26
LKDS-00561	-30.6343523506	81.1392392708	667.8901	4.2482e-35
LKDS-00561	-57.4624935631	101.654876669	692.8901	4.43209e-19
LKDS-00564	80.8987115456	-46.7576204704	241.1251	4.22949e-15
LKDS-00564	74.9612077309	-54.9216882156	249.8751	7.54338e-26
LKDS-00564	71.9924558235	-61.6013800072	262.3751	1.0
LKDS-00564	67.5393279625	-79.4138914513	268.0001	5.14499e-16
LKDS-00564	77.9299596382	-57.1482521461	269.2501	1.11069e-13
LKDS-00568	-47.8163556026	207.992211683	-472.6999	0.957974
LKDS-00568	-47.8163556026	126.863336189	-397.6999	1.75716e-15
LKDS-00568	-70.4569720196	147.617234571	-390.6999	0.866832
LKDS-00568	-59.7655698227	139.441456421	-385.6999	1.76714e-27
LKDS-00568	-56.6210397648	162.710978849	-382.6999	0.0173288
LKDS-00568	-3.79293479195	234.406264169	-372.6999	0.273949
LKDS-00568	-53.4765097069	239.437512262	-365.6999	1.0
LKDS-00568	18.847681625	254.53125654	-357.6999	1.88218e-35
LKDS-00568	24.5078357292	184.722689254	-349.6999	6.91414e-34
LKDS-00568	-53.4765097069	233.148452146	-357.6999	1.0
LKDS-00568	43.3750160767	180.949253185	-352.6999	1.0
LKDS-00568	66.6445385052	126.234430177	-346.6999	1.39023e-11
LKDS-00568	73.5625046326	136.296926363	-340.6999	5.37495e-13
LKDS-00568	-63.5390058922	82.2110093666	-337.6999	5.68095e-15
LKDS-00568	10.6719034744	250.75782047	-335.6999	1.0
LKDS-00568	-107.562426703	148.246140583	-331.6999	1.0
LKDS-00568	30.1679898335	199.187527521	-330.6999	1.0
LKDS-00568	76.0781286789	164.597696884	-328.6999	0.99995
LKDS-00569	-80.0238957771	-39.8658945927	-424.9999	9.0758e-16
LKDS-00576	-7.41546301117	320.408808429	-160.9599	0.000158826
LKDS-00576	47.2720560623	85.2524764133	-49.9599	0.999844
LKDS-00576	72.5650336338	114.647017915	42.0401	1.0
LKDS-00581	-43.7105388111	124.751839629	61.4001	1.0
LKDS-00581	-36.0152286953	147.068238965	152.4001	3.95869e-12
LKDS-00581	-61.4097520775	90.1229441078	186.4001	7.99492e-19
LKDS-00581	100.961291366	96.2791922005	191.4001	7.63349e-34
LKDS-00581	50.9417756134	137.833866826	204.4001	0.999999
LKDS-00581	-50.6363179153	57.8026416214	278.4001	1.0
LKDS-00581	-49.8667869038	57.8026416214	282.4001	1.0
LKDS-00583	-39.7068008179	-183.316165327	-186.9999	3.45767e-33
LKDS-00583	-73.1443198914	-236.816195845	-121.9999	1.07118e-05
LKDS-00583	-76.4880717987	-202.542738795	-98.9999	1.0
LKDS-00599	-20.9491771626	157.554726942	896.0001	1.30347e-38
LKDS-00599	-57.0819777416	114.918022258	998.0001	0.999996
LKDS-00599	-39.0155774521	188.62893544	1010.0001	1.0
LKDS-00599	80.2226644588	79.5078776909	1023.0001	1.0
LKDS-00599	-80.9296261238	129.37114249	1028.0001	1.0
LKDS-00599	93.2304726673	130.816454513	1045.0001	1.0
LKDS-00599	-83.8202501701	70.8360055519	1048.0001	2.1921e-24
LKDS-00599	-98.9960264133	76.6172536446	1056.0001	1.0
LKDS-00599	-59.2499457764	73.7266295982	1109.0001	5.57494e-29
LKDS-00599	6.51175127754	88.1797498299	1109.0001	1.08562e-11
LKDS-00604	49.9804879261	129.597702606	197.4001	4.9757e-26
LKDS-00604	0.117223126984	68.1719416214	214.4001	1.35062e-06
LKDS-00604	57.2070480419	56.6094454361	261.4001	1.0
LKDS-00604	81.0546964241	94.9102140499	303.4001	0.997356
LKDS-00604	23.9648715092	87.6836539341	380.4001	1.0
LKDS-00604	-34.5702654289	64.5586615635	384.4001	1.0
LKDS-00604	-31.6796413826	73.2305337025	385.4001	1.0
LKDS-00604	22.519559486	80.4570938183	387.4001	4.85349e-28
LKDS-00604	23.9648715092	84.7930298878	387.4001	1.0
LKDS-00604	-53.35932173	64.5586615635	391.4001	1.56462e-29
LKDS-00604	27.5781515671	76.8438137604	395.4001	1.0
LKDS-00604	16.7383113934	84.7930298878	392.4001	1.04976e-21
LKDS-00604	24.6875275208	84.0703738762	393.4001	1.0
LKDS-00606	-36.4608131813	184.024742396	-110.0099	1.84497e-18
LKDS-00606	36.4610742165	186.128258379	-109.0099	6.99392e-12
LKDS-00606	38.5645901991	193.841150315	-109.0099	3.8578e-11
LKDS-00606	-44.1737051176	184.72591439	-107.0099	9.65054e-37
LKDS-00606	-38.5643291639	174.909506471	-46.0099	8.50584e-25
LKDS-00606	-46.2772211002	126.528638871	-12.0099	6.70486e-22
LKDS-00606	-103.072152631	190.335290344	-11.0099	2.06329e-36
LKDS-00606	-51.1854250597	131.43684283	-9.0099	1.0
LKDS-00606	-4.90807344189	95.6770711256	-5.0099	1.0
LKDS-00606	56.7950620485	117.413402946	38.9901	1.0
LKDS-00606	-94.6580887007	164.391926558	38.9901	1.0
LKDS-00606	-39.2655011581	130.735670836	49.9901	8.38948e-05
LKDS-00606	-61.7030049728	128.632154853	53.9901	9.71482e-19
LKDS-00606	-58.1971450018	125.126294882	61.9901	1.28367e-18
LKDS-00606	74.3243619038	99.1829310966	70.9901	2.85454e-05
LKDS-00610	-59.7074691929	-150.074653355	-357.2999	1.0
LKDS-00610	-46.3852013029	-180.9262211	-354.2999	5.47936e-37
LKDS-00610	-67.4203611292	-150.775825349	-345.2999	1.0
LKDS-00610	-68.1215331234	-151.476997343	-341.2999	4.27543e-21
LKDS-00610	-87.7543489613	-167.60395321	-333.2999	0.000132507
LKDS-00610	-56.2016092218	-179.523877112	-332.2999	0.999985
LKDS-00610	-54.0980932392	-187.937941042	-327.2999	0.557343
LKDS-00610	-67.4203611292	-185.83442506	-327.2999	5.79188e-16
LKDS-00610	-68.1215331234	-193.547316996	-321.2999	1.0
LKDS-00610	-72.3285650887	-186.535597054	-309.2999	3.83519e-36
LKDS-00610	52.4800498806	-143.764105407	-298.2999	1.0
LKDS-00610	-58.3051252045	-174.615673152	-249.2999	1.06081e-10
LKDS-00613	35.8478747269	-147.917793188	487.800105317	8.69061e-36
LKDS-00626	-52.508500894	-123.137416442	-21.7999010252	7.31114e-38
LKDS-00626	-58.6491249403	-141.559288581	-18.2999010848	7.8586e-35
LKDS-00626	-50.9733448824	-140.02413257	-1.49990137091	1.0
LKDS-00626	-66.3249049982	-144.629600604	-5.69990129938	5.93975e-36
LKDS-00626	-54.0436569056	-176.867876848	-1.49990137091	9.21465e-30
LKDS-00626	-60.1842809519	-186.078812917	29.3000981046	1.0
LKDS-00626	-51.7409228882	-134.651086529	33.500098033	2.69654e-07
LKDS-00626	-53.2760788998	-171.494830807	41.2000979019	0.000271117
LKDS-00626	-57.1139689287	-193.754592975	87.4000971151	1.0
LKDS-00626	-93.1901352009	-188.381546935	87.4000971151	1.0
LKDS-00631	4.8868828846	163.847815139	-406.6999	2.33759e-32
LKDS-00631	38.3829883171	136.504055603	-365.6999	1.0
LKDS-00631	37.0158003403	156.328281267	-311.6999	1.0
LKDS-00631	45.2189282013	165.898597105	-306.6999	1.0
LKDS-00631	74.6134697033	167.94937907	-189.6999	1.0
LKDS-00631	43.168146236	101.640762193	-133.6999	1.0
LKDS-00633	45.7540803982	154.675937278	914.0001	2.94433e-10
LKDS-00633	-38.199070351	136.019681556	907.0001	3.0571e-09
LKDS-00633	-16.4334386753	171.000161035	913.0001	1.0
LKDS-00633	-48.3045422005	143.793121441	930.0001	1.0
LKDS-00633	-52.1912621426	138.351713522	946.0001	1.0
LKDS-00633	-38.9764143394	136.797025545	947.0001	4.53262e-30
LKDS-00633	93.1720636917	129.023585661	1114.0001	1.0
LKDS-00633	86.9533117844	120.472801788	1121.0001	4.71814e-23
LKDS-00633	80.734559877	113.476705892	1123.0001	1.0
LKDS-00633	94.7267516685	128.246241672	1128.0001	7.32438e-27
LKDS-00633	97.0587836338	122.027489765	1136.0001	5.18286e-35
LKDS-00635	36.1404427362	8.74238334427	-13.4999	1.0
LKDS-00635	-51.2814751791	7.28535137901	1.5001	1.0
LKDS-00635	54.3533423019	-34.2400596308	23.3751	1.0
LKDS-00635	-59.295150988	-0.728324429893	111.5001	0.641254
LKDS-00635	-103.734625928	21.8556710316	114.0001	1.37908e-14
LKDS-00635	-108.834237807	13.11347924	121.5001	1.12396e-09
LKDS-00635	-63.6662468838	-52.4529591965	127.7501	1.29354e-12
LKDS-00635	-21.4123198914	-66.2947628664	135.2501	6.57941e-31
LKDS-00635	-39.6252194571	-75.7654706406	142.7501	2.84189e-27
LKDS-00635	-95.7209501194	-14.5701280998	174.0001	1.0
LKDS-00642	76.2510642887	216.194115098	391.8101	1.92617e-30
LKDS-00642	-36.284021151	162.200008447	461.8101	2.02746e-11
LKDS-00642	-31.737149012	166.178521569	466.8101	1.0
LKDS-00642	74.5459872366	125.256672318	482.8101	0.999978
LKDS-00642	106.942451227	157.084777291	577.8101	1.0
LKDS-00655	-31.8624	47.8126	-4.4999	1.0
LKDS-00659	-88.4998694824	176.304852827	675.0001	1.34934e-34
LKDS-00659	24.9767325951	183.140792711	690.5001	1.0
LKDS-00659	-49.5350121426	153.746251209	768.0001	1.0
LKDS-00665	-16.2483837532	-29.6288584637	91.2501	3.9488e-23
LKDS-00665	-12.2444786953	-32.0312014984	94.3751	2.32594e-23
LKDS-00665	6.97426558266	-35.2343255447	112.5001	1.0
LKDS-00665	-17.0491647648	-62.4608799385	120.6251	2.90436e-20
LKDS-00665	-54.6858723091	33.6328414513	270.6251	6.79871e-23
LKDS-00665	86.2515857292	-3.20308508148	303.7501	1.0
LKDS-00665	88.653928764	6.4062870575	305.0001	5.03729e-37
LKDS-00665	80.6461186481	-52.0507267879	318.1251	4.56151e-10
LKDS-00665	-9.84213566055	28.0273743702	385.6251	1.0
LKDS-00665	-25.8577558922	1.60160098801	391.2501	3.43879e-29
LKDS-00665	-22.6546318459	44.0429946018	400.6251	1.0
LKDS-00665	-26.6585369038	27.2265933586	402.5001	1.04611e-29
LKDS-00665	-69.9007115292	21.6211262775	403.1251	1.0
LKDS-00665	59.0250313354	24.0234693123	416.8751	1.0
LKDS-00665	122.28673125	-24.8241723942	485.6251	1.0
LKDS-00669	77.4216	-156.7034	1760.0001	3.32377e-31
LKDS-00669	18.4841	-198.3909	1806.0001	1.6726e-21
LKDS-00689	7.20328889618	180.976732595	321.6001	5.13749e-34
LKDS-00689	49.5861161781	139.96109329	326.6001	1.0
LKDS-00689	-52.2693880962	106.464987857	390.6001	8.00313e-32
LKDS-00689	31.1290784908	93.4767020775	493.6001	7.00588e-33
LKDS-00689	-63.2068919109	99.6290479733	524.6001	1.0
LKDS-00689	-77.5623656677	134.492341383	536.6001	1.0
LKDS-00689	-91.9178394245	150.898597105	563.6001	1.0
LKDS-00689	-87.1326815056	156.367349012	563.6001	8.53965e-34
LKDS-00689	-92.6014334129	151.582191093	571.6001	1.0
LKDS-00705	-31.2981207003	-120.118406021	-273.4999	1.0
LKDS-00705	-53.3977411617	-163.604755961	-129.4999	1.20231e-16
LKDS-00712	73.9841	-175.73465	1774.0001	8.16808e-25
LKDS-00713	54.6718576981	179.013658507	-469.4999	1.0
LKDS-00713	-45.2909875082	108.173846943	-421.4999	1.0
LKDS-00713	-102.749945776	188.458966715	-411.4999	0.999971
LKDS-00713	-98.0272916721	90.8574485613	-338.4999	0.999806
LKDS-00713	117.640579088	123.916027291	-317.4999	0.99532
LKDS-00713	-27.974589126	67.2441780401	-310.4999	1.0
LKDS-00713	83.7948913408	75.1152682138	-287.4999	1.79971e-20
LKDS-00713	57.0331847502	50.7148886753	-279.4999	1.37897e-24
LKDS-00713	-44.5038784908	55.4375427795	-278.4999	5.54124e-18
LKDS-00713	84.5820003582	76.6894862486	-262.4999	7.10925e-27
LKDS-00713	73.562474115	50.7148886753	-244.4999	3.03131e-28
LKDS-00713	24.7617150379	147.529297812	-242.4999	1.0
LKDS-00713	130.234323366	141.232425673	-191.4999	6.06247e-09
LKDS-00719	75.260826882	-126.53018624	-385.499900358	1.65391e-13
LKDS-00719	-29.2606409229	-117.50675017	-381.299900429	1.0
LKDS-00719	-30.7645469345	-106.227455083	-358.199900823	1.21308e-18
LKDS-00719	-30.0125939287	-106.227455083	-351.89990093	1.0
LKDS-00719	-33.7723589577	-125.026280228	-347.699901001	1.0
LKDS-00719	-23.9969698824	-116.754797164	-347.699901001	1.0
LKDS-00719	62.4776257835	-192.702050749	-344.899901049	1.0
LKDS-00719	-37.5321239866	-92.692300979	-346.999901013	1.0
LKDS-00719	-26.2528288998	-119.010656182	-340.699901121	8.07141e-18
LKDS-00719	-41.2918890156	-86.6766769327	-332.999901252	1.0
LKDS-00719	-26.2528288998	-96.452066008	-328.799901323	1.0
LKDS-00719	-11.9657217897	-179.166896645	-319.699901478	1.41165e-32
LKDS-00719	-36.028217975	-77.6532408632	-311.299901621	9.13496e-38
LKDS-00719	-19.4852518476	-155.856353465	-298.699901836	1.0
LKDS-00719	-20.2372048534	-136.305575315	-288.899902003	6.99199e-27
LKDS-00719	-21.741110865	-91.9403479733	-272.799902277	1.0
LKDS-00719	-14.2215808071	-170.895413581	-270.699902313	2.72431e-17
LKDS-00719	-17.9813458361	-213.004781906	-254.599902587	2.30684e-29
LKDS-00719	-33.0204059519	-106.227455083	-251.799902635	1.0
LKDS-00719	-41.2918890156	-99.4598780312	-248.299902694	1.0
LKDS-00719	103.083088096	-202.477439824	-119.499904888	1.86869e-19
LKDS-00719	116.6182422	-189.694238726	-113.199904995	3.52273e-38
LKDS-00719	97.0674640499	-203.981345836	-106.899905102	1.0
LKDS-00719	97.0674640499	-203.22939283	-83.7999054955	1.0
LKDS-00721	10.1525069309	161.797033174	-477.4999	1.0
LKDS-00721	-9.67171873322	331.328342302	-464.4999	2.51641e-18
LKDS-00721	-8.9881247448	331.328342302	-456.4999	1.80986e-24
LKDS-00721	8.10172496567	332.01193629	-456.4999	4.11237e-32
LKDS-00721	-4.88656081429	331.328342302	-447.4999	1.0
LKDS-00721	0.582191093063	335.429906232	-445.4999	0.999998
LKDS-00721	10.1525069309	58.5743409229	-364.4999	1.0
LKDS-00721	44.3322063519	103.00795017	-311.4999	1.83483e-31
LKDS-00721	-132.718636649	134.453273637	-289.4999	1.0
LKDS-00726	72.1836110188	106.020008617	772.0001	1.0
LKDS-00726	-48.156193869	49.1723707256	883.0001	1.0
LKDS-00726	-28.2226065563	59.5083048878	886.0001	9.47478e-10
LKDS-00726	-18.6249534058	65.4145529804	886.0001	1.1289e-37
LKDS-00738	-33.9764105247	135.504055603	780.9001	5.63192e-17
LKDS-00738	-38.7615684437	117.730611904	780.9001	1.0
LKDS-00738	-31.2420345711	192.92595063	826.9001	1.0
LKDS-00738	-38.0779744553	196.343920572	828.9001	1.0
LKDS-00738	-51.7498542236	214.800958259	834.9001	1.0
LKDS-00738	40.5353342129	225.738462074	835.9001	1.0
LKDS-00741	49.5002525879	203.781496866	436.9251	1.0
LKDS-00741	-32.6013637947	213.226815565	491.3001	2.97025e-32
LKDS-00741	-44.2263714241	194.336178167	506.9251	1.0
LKDS-00741	-50.7654382156	180.531481607	498.8001	3.74748e-19
LKDS-00741	-58.031067984	214.679941518	506.3001	1.0
LKDS-00741	-59.4841939377	149.289273603	531.3001	1.0
LKDS-00743	26.4806061817	194.170056326	811.0001	1.0
LKDS-00743	-63.607299106	203.691542251	824.0001	1.12573e-23
LKDS-00743	-68.7342530655	185.380992396	828.0001	9.20329e-33
LKDS-00743	-65.8045650887	186.11341439	857.0001	3.77551e-07
LKDS-00743	-60.6776111292	164.140754564	878.0001	1.0
LKDS-00743	-68.7342530655	136.308718784	883.0001	1.98596e-07
LKDS-00743	8.17005632648	142.168094738	891.0001	5.68354e-24
LKDS-00743	8.90247832069	179.521616442	894.0001	1.0
LKDS-00743	-64.3397211002	139.970828755	908.0001	4.79143e-12
LKDS-00743	-60.6776111292	148.759892686	908.0001	2.17766e-18
LKDS-00743	-70.9315190481	157.548956616	916.0001	1.0
LKDS-00743	-79.7205829786	115.800902946	933.0001	1.0
LKDS-00743	51.3829539848	74.0528492762	1049.0001	1.0
LKDS-00743	104.117337568	159.746222599	1080.0001	9.61928e-18
LKDS-00749	-29.4959443974	161.797033174	535.1001	1.0
LKDS-00749	-27.4451624321	163.164221151	539.4751	2.06005e-10
LKDS-00749	-34.9646963047	118.730611904	540.1001	1.0
LKDS-00749	-75.2967416214	146.074371441	553.8501	1.0
LKDS-00749	-94.4373732971	220.586116178	614.4751	3.03087e-30
LKDS-00749	101.754101379	115.312641962	668.8501	1.34149e-22
LKDS-00751	43.1326	-122.9299	72.5000994636	1.0
LKDS-00751	47.616975	-168.414275	176.800097687	6.91798e-31
LKDS-00751	71.960725	-104.351775	261.500096245	0.999901
LKDS-00751	73.241975	-100.508025	265.700096173	3.51573e-07
LKDS-00751	-64.4924	-201.08615	273.400096042	1.0
LKDS-00751	-74.7424	-150.476775	279.000095947	1.0
LKDS-00751	-45.27365	-162.008025	282.500095887	1.0
LKDS-00751	-101.008025	-137.664275	283.900095863	1.0
LKDS-00751	-121.508025	-141.508025	293.000095708	0.104084
LKDS-00751	-101.64865	-94.7424	300.000095589	1.0
LKDS-00751	-77.945525	-81.9299	307.00009547	3.48721e-28
LKDS-00751	65.554475	-77.445525	324.500095172	0.999993
LKDS-00753	-23.26865	-53.4374	163.5001	1.0
LKDS-00753	23.1376	21.09385	188.5001	1.31321e-07
LKDS-00753	88.528225	-6.328025	193.5001	1.0
LKDS-00753	102.590725	-6.328025	253.5001	1.0
LKDS-00754	27.046975	25.3126	82.5001	0.978477
LKDS-00754	80.484475	-36.5624	230.0001	3.01285e-29
LKDS-00754	-39.046775	-40.078025	298.7501	1.88666e-09
LKDS-00754	-49.59365	-33.7499	300.0001	1.31707e-19
LKDS-00765	41.99385	-1.40615	38.5001	1.0
LKDS-00765	-28.31865	26.71885	84.7501	2.08426e-32
LKDS-00765	-72.615525	34.453225	113.5001	8.90102e-05
LKDS-00765	-30.428025	48.515725	137.2501	5.81432e-09
LKDS-00765	-60.6624	50.6251	138.5001	1.54974e-06
LKDS-00765	-62.06865	-5.6249	141.0001	1.75887e-12
LKDS-00765	-19.88115	-47.8124	141.0001	5.29571e-08
LKDS-00765	-40.271775	47.109475	142.2501	1.0
LKDS-00765	-41.678025	32.34385	162.2501	1.0
LKDS-00765	-55.0374	24.609475	172.2501	1.19696e-34
LKDS-00765	-77.5374	35.15635	207.2501	1.0
LKDS-00765	-90.896775	5.6251	211.0001	1.0
LKDS-00765	-90.896775	37.96885	223.5001	3.39408e-24
LKDS-00765	12.4626	6.328225	228.5001	1.0
LKDS-00765	-100.0374	39.3751	232.2501	0.000556539
LKDS-00765	56.759475	68.90635	283.5001	1.0
LKDS-00765	21.603225	-62.578025	296.0001	1.0
LKDS-00770	-13.5701548027	181.859529359	359.7251	5.31619e-16
LKDS-00770	48.6368981434	132.640762193	389.7251	0.999988
LKDS-00770	-7.41780890694	338.402552707	487.2251	1.44161e-22
LKDS-00770	-90.816275494	217.406416757	549.1001	1.0
LKDS-00770	78.0314396454	250.218928201	549.1001	1.0
LKDS-00770	104.008011205	149.047017915	570.9751	1.0
LKDS-00770	106.742387159	151.781393869	577.8501	3.65689e-36
LKDS-00770	103.324417217	133.324356182	584.1001	1.0
LKDS-00770	114.94551502	183.226717336	602.8501	1.0
LKDS-00770	114.94551502	184.593905313	604.7251	1.0
LKDS-00770	97.1720713211	133.324356182	618.4751	1.0
LKDS-00779	57.7384620739	193.152506931	414.5251	1.0
LKDS-00779	48.168146236	202.722822769	423.2751	6.50989e-27
LKDS-00779	48.168146236	199.988446815	425.1501	1.42896e-21
LKDS-00779	-59.8397039341	167.859529359	508.9001	3.53022e-24
LKDS-00779	-55.7381400036	169.226717336	515.7751	3.89576e-11
LKDS-00779	55.6876801086	171.96109329	547.0251	0.998618
LKDS-00779	68.6759658886	165.808747394	568.9001	1.0
LKDS-00779	50.2189282013	168.543123348	624.5251	1.0
LKDS-00779	72.0939358307	138.464987857	635.1501	3.12662e-34
LKDS-00779	83.7150336338	137.097799881	662.0251	1.0
LKDS-00779	55.6876801086	150.086085661	659.5251	6.57189e-38
LKDS-00779	88.5001915527	167.859529359	693.9001	4.12967e-16
LKDS-00779	85.7658155991	174.011875255	694.5251	6.23937e-14
LKDS-00786	-51.8514181541	172.343920572	181.8001	1.0
LKDS-00786	-81.2459596561	171.660326583	205.8001	1.0
LKDS-00787	14.1376	24.609475	104.1251	1.0
LKDS-00787	56.3251	-30.9374	361.0001	8.32096e-05
LKDS-00787	21.871975	-24.609275	394.1251	0.954091
LKDS-00787	50.7001	-18.984275	396.6251	5.01154e-31
LKDS-00787	-3.440525	-21.796775	397.2501	1.0
LKDS-00787	-37.89365	-18.984275	398.5001	1.0
LKDS-00800	-25.8201643394	174.718920572	664.3001	1.0
LKDS-00800	56.6486104561	117.625153406	781.3001	1.0
LKDS-00802	65.1780461346	-184.161765429	-106.799903624	3.75548e-31
LKDS-00802	70.7092942272	-182.778953406	-98.399903767	1.0
LKDS-00802	79.0061663662	-200.064103695	-96.2999038028	6.85081e-27
LKDS-00802	3.64291110382	-218.732066008	-45.199904673	1.0
LKDS-00802	-33.00160751	-216.657847973	-34.6999048518	1.0
LKDS-00802	14.0140012775	-224.263314101	-29.0999049472	3.06295e-28
LKDS-00802	17.4710313354	-229.794562193	-26.2999049949	1.0
LKDS-00802	59.6467980419	-229.794562193	6.60009444485	1.0
LKDS-00802	50.6585198914	-222.189096066	11.5000943614	1.0
LKDS-00810	-2.8124	33.7501	63.2501	4.81307e-28
LKDS-00810	93.515725	-45.703025	218.2501	0.999998
LKDS-00810	49.21885	-67.4999	235.7501	1.0
LKDS-00812	99.8048833443	109.654055603	758.8101	1.0
LKDS-00812	-52.6365760731	115.12280751	799.8101	1.0
LKDS-00818	3.09828218613	-177.831432494	26.8001	1.0
LKDS-00818	13.5045379082	-213.386139544	30.8001	1.0
LKDS-00818	8.30141004715	-196.909567984	34.8001	0.999991
LKDS-00818	-54.1361242851	-102.386078509	204.8001	9.12973e-22
LKDS-00818	-65.409567984	-230.729899081	367.8001	1.0
LKDS-00822	-47.7499	177.5001	234.5001	6.14735e-11
LKDS-00822	-55.8749	132.8126	350.5001	1.0
LKDS-00822	-53.4374	104.3751	360.5001	2.88899e-22
LKDS-00822	119.6251	149.0626	499.5001	1.41644e-32
LKDS-00840	-21.5662430691	185.47283612	658.1001	8.96684e-10
LKDS-00840	22.7540842129	113.27359329	684.1001	5.19214e-20
LKDS-00840	54.9220636917	136.148600919	687.1001	1.0
LKDS-00840	23.4689282013	135.433756931	712.1001	1.0
LKDS-00840	29.9025240971	129.000161035	697.1001	0.995269
LKDS-00840	-87.3318900036	83.2501457764	719.1001	0.000517738
LKDS-00840	-80.1834501194	95.4024935795	731.1001	1.0
LKDS-00840	-6.55451931229	63.9493580891	739.1001	1.45389e-23
LKDS-00840	42.7697158886	134.004068954	780.1001	1.21929e-38
LKDS-00840	-72.3201662468	53.9415422512	823.1001	1.8022e-27
LKDS-00840	9.17204843292	112.558749302	840.1001	1.0
LKDS-00840	16.3204883171	108.984529359	841.1001	1.0
LKDS-00840	60.6408155991	105.410309417	848.1001	1.91981e-26
LKDS-00840	0.593920571899	157.593920572	865.1001	1.64538e-26
LKDS-00842	66.0939358307	189.507980688	245.7001	1.0
LKDS-00842	-69.2576738762	193.609544618	253.8251	1.0
LKDS-00842	64.7267478539	168.316567047	263.2001	1.0
LKDS-00842	-66.5232979225	197.02751456	268.2001	2.34737e-19
LKDS-00842	-70.624861853	199.761890514	271.3251	1.98891e-15
LKDS-00842	112.578327043	182.672040804	273.2001	1.0
LKDS-00842	-82.9295536446	192.242356641	274.4501	1.0
LKDS-00842	-100.702997343	194.976732595	283.2001	2.80098e-35
LKDS-00842	-97.9686213898	198.394702537	285.7001	1.0
LKDS-00842	-47.3826662468	200.445484502	292.5751	1.0
LKDS-00842	-45.3318842815	202.496266468	295.0751	1.0
LKDS-00842	38.7501762939	205.91423641	296.9501	1.0
LKDS-00842	-11.835778849	153.96109329	298.2001	1.0
LKDS-00842	-76.7772077488	213.433770282	309.4501	2.27906e-19
LKDS-00842	-54.9022001194	223.687680109	318.8251	1.0
LKDS-00842	18.9259506298	195.660326583	343.2001	1.0
LKDS-00842	-77.4608017372	51.4219950272	490.0751	1.0
LKDS-00842	78.3986276222	103.375138147	502.5751	2.23516e-09
LKDS-00842	92.0705073906	73.2970026566	506.3251	1.0
LKDS-00842	5.25407086143	149.175935371	506.9501	0.999986
LKDS-00842	120.781454904	155.328281267	559.4501	1.0
LKDS-00842	-30.9764105247	49.3712130619	564.4501	1.82468e-25
LKDS-00842	74.9806576801	78.7657545639	581.3251	9.05966e-13
LKDS-00842	-10.4685908722	65.777468784	585.7001	1.0
LKDS-00842	100.273635252	97.9063862396	585.7001	1.63092e-34
LKDS-00842	78.3986276222	83.5509124828	590.0751	1.0
LKDS-00842	23.7111085487	94.4884162975	591.3251	2.90804e-07
LKDS-00842	23.7111085487	104.742326124	609.4501	7.65597e-26
LKDS-00842	24.3947025372	102.691544159	612.5751	3.00215e-20
LKDS-00842	20.9767325951	78.7657545639	613.8251	0.00533281
LKDS-00842	40.1173642708	80.8165365292	616.3251	1.0486e-26
LKDS-00842	39.4337702824	62.3594988419	626.9501	1.0
LKDS-00842	41.4845522476	63.0430928303	629.4501	1.84687e-11
LKDS-00849	34.2439534908	-77.5997831577	-91.6999007033	1.0
LKDS-00849	-3.95918581429	-104.97869966	-62.9999011921	0.000338802
LKDS-00849	-37.0685732121	-144.455276942	-41.2999015616	1.0
LKDS-00849	-35.1584162468	-138.088087057	-35.699901657	1.80393e-23
LKDS-00849	36.1541104561	-83.9669730419	-24.4999018477	1.0
LKDS-00849	-72.7248365635	-152.732623791	52.500096841	1.0
LKDS-00849	-66.9943656677	-175.654507374	55.3000967933	9.14021e-11
LKDS-00849	-60.6271757835	-171.834193444	53.9000968171	5.42114e-11
LKDS-00849	83.9080345875	-146.365433907	60.2000967098	1.0
LKDS-00854	30.3206876112	52.2948999239	21.2501	1.0
LKDS-00854	16.1703052116	47.3730277849	23.7501	1.0
LKDS-00854	-1.05624727478	26.4550711943	57.5001	5.39017e-16
LKDS-00854	-35.5093522476	-20.302714126	70.0001	1.0
LKDS-00871	-29.3394153275	-111.245636717	1458.90010165	3.69322e-15
LKDS-00871	-64.8316309608	-104.026880995	1471.50010215	1.30122e-32
LKDS-00871	-44.9800527252	-138.917533652	1476.90010236	1.0
LKDS-00871	-47.9878676094	-126.886274115	1511.10010372	1.03739e-15
LKDS-00871	-79.8707053818	-174.409749285	1588.50010679	1.0
LKDS-00871	12.7699930511	-219.526972548	1652.70010935	1.64145e-09
LKDS-00871	13.9731190048	-220.128535525	1653.90010939	7.11257e-12
LKDS-00871	38.0356380783	-215.31603171	1654.50010942	1.17187e-20
LKDS-00871	0.137170537567	-217.120720641	1671.90011011	8.14758e-23
LKDS-00871	57.2856533371	-208.698838965	1677.30011032	1.0
LKDS-00872	-41.40615	30.46885	9.8751	1.0
LKDS-00872	-77.34365	11.71885	34.8751	1.90967e-12
LKDS-00874	-64.2057674049	-162.328809631	-69.3998979496	8.05465e-13
LKDS-00883	48.7273099457	-198.518766877	28.1001	1.0
LKDS-00883	-74.0050891603	-172.815646645	210.1001	1.0
LKDS-00883	75.0730081831	-221.008997079	229.1001	1.0
LKDS-00883	-16.1730686392	-141.971902367	242.1001	0.620459
LKDS-00883	-14.2453346218	-139.401590344	247.1001	1.0
LKDS-00883	-87.499227282	-77.0715237822	247.1001	1.0
LKDS-00883	66.7194941078	-211.370326992	252.1001	0.0131221
LKDS-00883	45.5144199167	-74.501211759	260.1001	1.0
LKDS-00883	72.5026961599	-222.294153091	272.1001	5.5479e-24
LKDS-00895	-62.6999	-30.28115	28.3751	1.39814e-22
LKDS-00895	-91.3874	11.953225	100.8751	8.18612e-07
LKDS-00895	-92.98115	-23.109275	139.0001	0.000700537
LKDS-00895	-90.590525	-32.671775	154.0001	1.0
LKDS-00903	11.7853189541	200.71423641	395.2001	3.54379e-06
LKDS-00903	81.5119057728	182.940792711	512.2001	0.000161461
LKDS-00907	-29.73465	-105.23465	1176.0001	5.07097e-36
LKDS-00907	-36.92215	-98.04715	1180.0001	1.0
LKDS-00907	-42.67215	-165.60965	1244.0001	4.47307e-27
LKDS-00907	-64.9534	-132.54715	1256.0001	0.999974
LKDS-00907	-46.2659	-159.85965	1276.0001	1.0
LKDS-00907	-82.2034	-135.42215	1277.0001	4.02914e-20
LKDS-00909	37.4433502985	188.214842899	-503.7999	0.999999
LKDS-00909	44.0644404722	225.955056889	-383.7999	7.97719e-17
LKDS-00909	46.7128765417	231.251929028	-379.7999	1.0
LKDS-00909	50.0234216286	240.521455271	-374.7999	1.0
LKDS-00910	-34.8710407185	209.757849081	821.5001	2.05211e-20
LKDS-00910	-38.2499457764	224.625031335	833.5001	0.142978
LKDS-00910	27.9765933586	211.785192115	834.5001	2.80893e-16
LKDS-00910	59.0625198914	233.410184486	842.5001	0.00227342
LKDS-00910	26.6250313354	115.824288471	954.5001	1.0
LKDS-00910	-22.70698251	163.128959282	1023.5001	1.0
LKDS-00916	-41.60665	175.5751	-82.3099	1.0
LKDS-00916	-56.29415	150.60635	-79.3099	7.19439e-36
LKDS-00916	-46.747275	160.8876	-56.3099	4.44654e-11
LKDS-00916	-7.8254	180.715725	-50.3099	0.000679869
LKDS-00916	-24.716025	171.903225	-23.3099	2.46902e-25
LKDS-00916	-49.684775	171.16885	10.6901	1.0
LKDS-00916	-49.684775	167.496975	18.6901	1.0
LKDS-00916	78.83085	88.184475	21.6901	0.0086076
LKDS-00916	-62.903525	133.715725	21.6901	8.37354e-06
LKDS-00916	-68.04415	165.29385	24.6901	0.999996
LKDS-00916	-66.5754	127.10635	25.6901	1.0
LKDS-00916	-46.747275	187.3251	40.6901	9.90425e-31
LKDS-00916	-43.0754	125.6376	46.6901	0.925608
LKDS-00916	-45.278525	193.2001	56.6901	8.01837e-11
LKDS-00916	-46.0129	121.965725	50.6901	1.64985e-11
LKDS-00916	-95.9504	193.934475	66.6901	3.00154e-13
LKDS-00916	21.5496	147.66885	66.6901	1.0
LKDS-00916	109.6746	174.840725	78.6901	5.79445e-24
LKDS-00916	-85.66915	184.3876	79.6901	1.0
LKDS-00916	106.002725	183.653225	80.6901	1.36407e-15
LKDS-00916	28.89335	77.16885	131.6901	2.01918e-08
LKDS-00916	50.190225	102.871975	126.6901	2.37335e-34
LKDS-00916	75.158975	79.371975	129.6901	5.56374e-23
LKDS-00916	27.4246	63.215725	145.6901	3.50182e-13
LKDS-00916	45.783975	56.60635	153.6901	1.0
LKDS-00916	27.4246	55.871975	162.6901	1.88607e-17
LKDS-00916	67.08085	59.54385	170.6901	1.0
LKDS-00916	57.533975	52.2001	173.6901	0.0389775
LKDS-00916	78.096475	66.153225	174.6901	0.99829
LKDS-00922	46.4193423019	-124.297475673	-137.699900465	3.61511e-13
LKDS-00922	-35.3775756134	-114.754501916	-129.999900596	1.0
LKDS-00922	10.9740112053	-135.885372378	52.7000962926	4.82819e-20
LKDS-00922	64.1420078503	-194.506496884	70.2000959946	1.0
LKDS-00922	14.3822161184	-139.975218274	80.0000958277	2.88502e-16
LKDS-00922	72.3216996418	-195.188137866	183.600094063	6.53027e-13
LKDS-00925	-70.179649012	195.167965038	364.6001	9.69015e-16
LKDS-00925	26.7910072638	140.390647752	427.1001	1.0
LKDS-00925	30.4921773506	132.248073561	430.8501	1.0
LKDS-00925	-0.597651379013	198.869135125	438.3501	1.0
LKDS-00925	-50.9335645603	235.140601976	438.9751	1.09437e-11
LKDS-00925	-20.5839698481	162.597668274	439.6001	1.56263e-17
LKDS-00925	-21.3242038654	162.597668274	441.4751	0.000777829
LKDS-00925	-79.0624572205	128.546903474	645.2251	6.63397e-32
LKDS-00925	-77.5819891857	167.039072378	668.3501	1.0
LKDS-00925	-73.8808190989	166.29883836	669.6001	1.0
LKDS-00925	-106.451115863	121.884797318	685.2251	1.0
LKDS-00925	-87.9452654289	164.818370326	688.3501	1.0
LKDS-00925	-84.9843293594	168.519540413	688.3501	1.0
LKDS-00927	27.2423566414	214.433770282	-491.0999	4.64956e-32
LKDS-00927	-57.5232979225	139.922025545	-436.0999	6.03096e-21
LKDS-00927	60.7384620739	212.382988317	-388.0999	0.710432
LKDS-00927	-73.2459596561	132.402491672	-374.0999	1.0
LKDS-00927	-26.0779744553	133.769679649	-351.0999	1.0
LKDS-00927	51.168146236	217.168146236	-336.0999	1.0
LKDS-00927	73.7267478539	138.554837568	-329.0999	1.0
LKDS-00927	53.2189282013	188.457198722	-325.0999	1.0
LKDS-00927	53.2189282013	199.394702537	-325.0999	9.4094e-07
LKDS-00927	106.539259298	161.113439186	-323.0999	1.0
LKDS-00927	111.324417217	164.531409128	-323.0999	1.0
LKDS-00927	112.691605194	174.785318954	-323.0999	1.0
LKDS-00927	114.742387159	187.773604734	-323.0999	1.0
LKDS-00927	118.160357101	191.875168665	-322.0999	1.0
LKDS-00927	51.8517402245	206.91423641	-322.0999	1.39793e-16
LKDS-00927	34.761890514	109.843890054	-289.0999	1.0
LKDS-00934	14.2345751358	80.541167481	405.7001	0.947725
LKDS-00934	35.1818525625	76.7325715853	547.7001	1.34091e-30
LKDS-00934	-8.6170002388	95.1407850815	592.7001	1.0
LKDS-00938	-61.0037640499	201.507980688	294.1501	1.0
LKDS-00938	-68.5232979225	198.090010746	296.6501	1.0
LKDS-00938	-56.218606131	200.140792711	296.6501	1.0
LKDS-00938	-86.2967416214	197.406416757	300.4001	1.0
LKDS-00938	-85.613147633	204.242356641	297.2751	1.0
LKDS-00938	70.9298757149	196.722822769	300.4001	1.0
LKDS-00938	-56.9022001194	196.722822769	301.0251	1.0
LKDS-00938	83.9181614948	197.406416757	302.2751	1.0
LKDS-00938	55.8908079697	193.304852827	302.9001	1.0
LKDS-00938	63.4103418423	194.672040804	303.5251	1.0
LKDS-00938	72.2970636917	195.355634792	304.1501	1.0
LKDS-00938	-33.6600045132	199.457198722	304.7751	1.0
LKDS-00938	87.3361314369	196.722822769	304.7751	1.0
LKDS-00938	-37.7615684437	199.457198722	309.7751	1.0
LKDS-00938	-35.02719249	206.976732595	313.5251	1.0
LKDS-00938	47.6876801086	199.457198722	316.0251	1.0
LKDS-00938	-37.7615684437	212.445484502	316.0251	1.0
LKDS-00938	31.2814243866	207.660326583	317.9001	1.0
LKDS-00938	-39.8123504089	221.332206352	322.2751	1.0
LKDS-00938	-5.63265098801	178.94937907	331.0251	1.0
LKDS-00938	-4.94905699959	179.632973058	335.4001	1.0
LKDS-00938	-5.63265098801	180.316567047	341.0251	1.0
LKDS-00938	-6.31624497643	181.000161035	347.9001	1.0
LKDS-00938	-4.26546301117	183.734536989	365.4001	1.0
LKDS-00938	-6.31624497643	120.843890054	371.0251	0.999782
LKDS-00938	66.1447177959	179.632973058	376.6501	1.0
LKDS-00938	-48.01547827	238.422056062	382.9001	1.0
LKDS-00938	-3.58186902275	118.109514101	382.9001	1.0
LKDS-00938	-3.58186902275	104.437634332	411.0251	1.0
LKDS-00938	58.6251839233	148.871243579	487.9001	1.0
LKDS-00938	92.1212893559	154.339995487	532.2751	1.0
LKDS-00938	90.0705073906	153.656401498	535.4001	1.0
LKDS-00938	79.8165975643	177.582191093	549.7751	1.0
LKDS-00938	83.2345675064	172.797033174	552.2751	1.0
LKDS-00940	-37.4844	-97.20315	19.1000994874	1.0
LKDS-00940	-4.6719	-166.76565	89.8000982834	1.0
LKDS-00940	87.2031	-151.6719	96.1000981761	1.0
LKDS-00940	-42.7344	-154.2969	96.8000981642	1.0
LKDS-00940	-39.45315	-147.07815	101.700098081	1.0
LKDS-00940	-32.2344	-151.01565	103.800098045	1.0
LKDS-00940	-35.51565	-155.6094	110.100097938	1.0
LKDS-00940	-36.82815	-140.51565	107.300097985	1.0
LKDS-00940	-34.8594	-163.4844	115.700097842	1.0
LKDS-00940	-47.9844	-134.6094	120.600097759	1.08402e-31
LKDS-00940	3.2031	-189.7344	141.600097401	1.0
LKDS-00940	32.73435	-119.51565	189.200096591	1.0
LKDS-00940	43.8906	-126.07815	200.4000964	1.0
LKDS-00940	62.2656	-175.2969	214.400096161	1.0
LKDS-00940	64.8906	-159.5469	215.800096138	1.0
LKDS-00940	76.04685	-144.45315	216.500096126	1.0
LKDS-00952	-65.5807960152	106.788426788	537.6901	1.0
LKDS-00952	-86.1472087025	67.1790393902	656.6901	9.05977e-20
LKDS-00952	116.470042217	157.061880024	670.6901	1.0
LKDS-00963	-37.7855967897	-167.695752801	-130.399900632	0.000237136
LKDS-00963	63.0405580383	-136.672320547	-72.9999016093	1.0
LKDS-00963	52.4643879515	-101.418420257	-47.0999020504	1.0
LKDS-00963	64.4507140499	-88.021938147	-49.8999020027	1.0
LKDS-00963	58.1050119978	-92.2524061817	-45.6999020742	1.0
LKDS-00963	14.3901756388	-119.045370402	-46.3999020623	1.0
LKDS-00963	54.5796219688	-104.943810286	-37.9999022054	1.0
LKDS-00963	61.6304020267	-85.2016261238	-38.6999021935	1.0
LKDS-00963	65.8608700615	-83.7914701122	-24.6999024319	1.0
LKDS-00963	-19.4535686392	-230.447695317	-12.7999026345	1.0
LKDS-00963	-41.3109868187	-233.26800734	-6.49990274181	1.0
LKDS-00963	23.5561897141	-156.414504709	26.4000966979	1.0
LKDS-00963	91.24367827	-185.322702946	38.3000964952	1.0
LKDS-00963	125.792500554	-168.400830807	41.8000964356	1.0
LKDS-00963	87.0132102352	-90.8422501701	93.6000955535	1.0
LKDS-00963	106.755394397	-198.01410705	102.00009541	1.0
LKDS-00963	85.6030542236	-217.756291212	109.000095291	1.0
LKDS-00963	69.3862600904	-224.80707127	113.900095208	1.0
LKDS-00963	88.4233662468	-212.115667166	119.500095112	1.0
LKDS-00963	33.4272817951	-219.87152523	138.400094791	1.0
LKDS-00963	41.1831398588	-219.166447224	139.800094767	1.0
LKDS-00963	33.4272817951	-223.396915259	152.400094552	4.70342e-05
LKDS-00965	30.0665823055	189.824386699	470.7001	1.0
LKDS-00965	-41.7107864784	170.000161035	503.7001	2.09158e-26
LKDS-00965	-65.6365760731	167.94937907	524.7001	1.0
LKDS-00965	-56.7498542236	127.617333753	540.7001	1.0
LKDS-00965	-50.5975083279	150.859529359	540.7001	1.0
LKDS-00965	-56.7498542236	152.910311325	551.7001	1.0
LKDS-00965	-49.9139143394	152.910311325	564.7001	1.0
LKDS-00965	-4.1131171154	96.8556042744	561.7001	1.0
LKDS-00965	-43.0779744553	161.113439186	598.7001	1.0
LKDS-00965	71.0822216106	115.99623595	685.7001	9.34772e-18
LKDS-00966	9.4251	28.828225	53.5001	1.0
LKDS-00966	3.8001	40.078225	63.5001	1.0
LKDS-00966	60.0501	10.546975	157.2501	1.0
LKDS-00966	-32.059275	-30.9374	176.0001	1.0
LKDS-00966	88.1751	-3.515525	219.7501	1.0
LKDS-00966	-22.91865	70.3126	268.5001	1.0
LKDS-00967	12.6329730583	182.394702537	447.6251	1.0
LKDS-00967	-40.6873580383	161.886882885	508.8751	1.0
LKDS-00967	-31.8006361889	168.722822769	518.2501	1.0
LKDS-00967	39.9767325951	228.195499761	527.6251	1.0
LKDS-00967	-26.3318842815	162.570476873	535.1251	1.0
LKDS-00967	-27.6990722584	163.254070861	537.0001	1.0
LKDS-00967	-33.1678241657	154.367349012	646.3751	0.000199919
LKDS-00967	-37.9529820847	150.94937907	653.2501	1.0
LKDS-00967	-40.0037640499	150.265785081	655.7501	1.0
LKDS-00967	-48.2068919109	148.215003116	661.3751	8.45349e-28
LKDS-00967	12.6329730583	161.203288896	670.1251	1.0
LKDS-00967	12.6329730583	161.203288896	672.0001	1.0
LKDS-00967	-59.1443957256	155.734536989	672.0001	1.0
LKDS-00967	40.6603265835	112.668115718	676.3751	1.0
LKDS-00967	-76.9178394245	159.836100919	677.0001	1.0
LKDS-00967	-68.0311175751	170.090010746	678.2501	1.0
LKDS-00967	-68.7147115635	174.875168665	680.7501	1.0
LKDS-00967	-72.816275494	183.078296526	683.2501	1.0
LKDS-00967	31.0900107456	159.152506931	688.2501	1.0
LKDS-00967	43.3947025372	194.699394329	697.0001	1.0
LKDS-00967	74.8400260044	190.597830398	698.2501	1.0
LKDS-00967	83.7267478539	124.289213522	719.5001	1.0
LKDS-00967	79.6251839233	121.554837568	725.1251	1.0
LKDS-00967	76.2072139812	137.277499302	728.8751	1.0
LKDS-00967	55.6993943287	134.543123348	734.5001	1.0
LKDS-00967	54.3322063519	143.429845197	733.8751	1.0
LKDS-00967	63.2189282013	114.035303695	741.3751	1.0
LKDS-00967	57.0665823055	135.910311325	751.3751	1.0
LKDS-00967	67.3204921318	124.97280751	754.5001	1.0
LKDS-00974	-31.9335464405	136.910205467	801.6001	1.0
LKDS-00974	72.7226711346	164.613321884	844.6001	1.0
LKDS-00974	-45.785104649	123.82817827	867.6001	1.0
LKDS-00974	5.77347312698	170.769569976	880.6001	3.98418e-32
LKDS-00974	5.0039421154	170.000038965	888.6001	1.0
LKDS-00974	58.1015819145	84.5820966793	956.6001	1.0
LKDS-00975	61.71885	19.53135	-13.1249	1.0
LKDS-00975	-0.78115	42.1876	-6.8749	1.0
LKDS-00975	-42.96865	3.90635	3.1251	1.0
LKDS-00975	-30.46865	-7.8124	11.2501	1.0
LKDS-00975	3.90635	-19.53115	33.7501	1.0
LKDS-00975	3.90635	-26.5624	42.5001	1.0
LKDS-00975	-30.46865	-10.9374	51.2501	1.0
LKDS-00975	0.0001	30.46885	132.5001	1.0
LKDS-00975	-43.7499	29.6876	134.3751	1.0
LKDS-00975	62.5001	0.78135	140.0001	1.0
LKDS-00975	89.0626	36.71885	154.3751	1.0
LKDS-00977	-0.767305977249	-104.603251583	-379.3999	1.0
LKDS-00977	-9.23214710464	-114.607154734	-362.3999	1.0
LKDS-00977	-0.767305977249	-102.294658549	-356.3999	1.0
LKDS-00977	-25.3922983479	-121.532933838	-339.3999	1.0
LKDS-00977	35.4006515671	-167.704794533	-328.3999	1.0
LKDS-00977	31.5529965092	-146.92745722	-317.3999	1.0
LKDS-00977	13.8537832428	-147.696988232	-231.3999	1.0
LKDS-00980	-30.7140440392	40.2148314548	75.6251	1.0
LKDS-00980	81.6101167751	-34.6679424213	233.7501	1.0
LKDS-00980	-91.7296375679	-65.8690982031	263.1251	4.59535e-20
LKDS-00980	-66.0753539251	-52.0019178556	275.0001	9.00543e-36
LKDS-00980	-106.98353595	-24.9609161781	290.6251	1.77997e-25
LKDS-00980	-97.9698687243	-1.38670958748	310.6251	1.0
LKDS-00980	-58.448404734	-45.7616866993	318.7501	4.10752e-30
LKDS-00980	-73.7023031162	-6.24022270908	343.1251	0.873788
LKDS-00986	-119.41919295	169.410152827	-33.8999	1.0
LKDS-00986	-35.3371323742	114.039039765	45.1001	1.0
LKDS-00986	-70.884019772	127.710919533	51.1001	1.0
LKDS-00986	4.9949129425	95.5820020775	155.1001	0.0012502
LKDS-00986	24.8191386066	90.7968441586	158.1001	1.0
LKDS-00992	-32.4412573742	136.625153406	396.4001	1.0
LKDS-00992	86.5040908886	83.4962311817	498.4001	1.02447e-25
LKDS-00992	102.363470657	138.211091383	528.4001	1.0
