LKDS-00334.mhd 1 519 211 225
LKDS-00335.mhd 1 357 315 327
LKDS-00336.mhd 1 468 225 243
LKDS-00337.mhd 1 448 67 101
LKDS-00339.mhd 1 294 76 84
LKDS-00339.mhd 2 294 161 171
LKDS-00342.mhd 1 179 92 98
LKDS-00342.mhd 2 179 94 100
LKDS-00342.mhd 3 179 107 117
LKDS-00345.mhd 1 330 165 189
LKDS-00348.mhd 1 268 230 252
LKDS-00348.mhd 2 268 162 170
LKDS-00348.mhd 3 268 72 80
LKDS-00348.mhd 4 268 202 210
LKDS-00348.mhd 5 268 199 207
LKDS-00348.mhd 6 268 208 214
LKDS-00348.mhd 7 268 95 103
LKDS-00349.mhd 1 125 40 48
LKDS-00349.mhd 2 125 56 66
LKDS-00350.mhd 1 274 193 225
LKDS-00356.mhd 1 336 54 78
LKDS-00356.mhd 2 336 121 131
LKDS-00357.mhd 1 280 131 139
LKDS-00357.mhd 2 280 98 106
LKDS-00358.mhd 1 297 70 80
LKDS-00358.mhd 2 297 125 133
LKDS-00359.mhd 1 225 184 194
LKDS-00360.mhd 1 187 78 86
LKDS-00360.mhd 2 187 148 156
LKDS-00363.mhd 1 261 102 116
LKDS-00363.mhd 2 261 225 235
LKDS-00364.mhd 1 201 101 109
LKDS-00364.mhd 2 201 163 171
LKDS-00368.mhd 1 172 64 70
LKDS-00369.mhd 1 262 76 84
LKDS-00369.mhd 2 262 83 91
LKDS-00369.mhd 3 262 137 143
LKDS-00371.mhd 1 269 166 176
LKDS-00374.mhd 1 260 138 164
LKDS-00375.mhd 1 335 193 205
LKDS-00378.mhd 1 117 49 55
LKDS-00379.mhd 1 345 36 66
LKDS-00379.mhd 2 345 137 165
LKDS-00381.mhd 1 489 357 391
LKDS-00388.mhd 1 465 134 166
LKDS-00389.mhd 1 262 170 188
LKDS-00390.mhd 1 244 160 182
LKDS-00392.mhd 1 577 128 138
LKDS-00392.mhd 2 577 182 198
LKDS-00393.mhd 1 241 115 127
LKDS-00393.mhd 2 241 130 140
LKDS-00394.mhd 1 419 150 170
LKDS-00395.mhd 1 330 174 186
LKDS-00395.mhd 2 330 191 201
LKDS-00396.mhd 1 481 210 220
LKDS-00398.mhd 1 320 100 114
LKDS-00402.mhd 1 285 124 136
LKDS-00403.mhd 1 236 204 212
LKDS-00405.mhd 1 568 96 112
LKDS-00405.mhd 2 568 200 216
LKDS-00406.mhd 1 366 67 85
LKDS-00407.mhd 1 590 345 357
LKDS-00408.mhd 1 502 32 48
LKDS-00408.mhd 2 502 60 76
LKDS-00408.mhd 3 502 181 209
LKDS-00412.mhd 1 330 130 140
LKDS-00413.mhd 1 601 244 280
LKDS-00416.mhd 1 298 51 63
LKDS-00418.mhd 1 318 42 60
LKDS-00420.mhd 1 133 72 80
LKDS-00421.mhd 1 125 79 87
LKDS-00421.mhd 2 125 85 95
LKDS-00423.mhd 1 176 106 116
LKDS-00424.mhd 1 426 151 179
LKDS-00426.mhd 1 525 229 245
LKDS-00427.mhd 1 438 200 208
LKDS-00428.mhd 1 300 155 165
LKDS-00429.mhd 1 283 105 113
LKDS-00429.mhd 2 283 169 179
LKDS-00431.mhd 1 244 143 165
LKDS-00434.mhd 1 829 290 300
LKDS-00436.mhd 1 305 55 83
LKDS-00440.mhd 1 133 72 80
LKDS-00442.mhd 1 314 59 71
LKDS-00442.mhd 2 314 68 88
LKDS-00443.mhd 1 336 58 66
LKDS-00445.mhd 1 166 115 135
LKDS-00447.mhd 1 296 188 204
LKDS-00448.mhd 1 293 77 105
LKDS-00448.mhd 2 293 162 172
LKDS-00450.mhd 1 215 88 112
LKDS-00450.mhd 2 215 107 117
LKDS-00450.mhd 3 215 117 131
LKDS-00450.mhd 4 215 143 153
LKDS-00451.mhd 1 272 40 52
LKDS-00454.mhd 1 380 130 152
LKDS-00456.mhd 1 133 74 82
LKDS-00456.mhd 2 133 90 98
LKDS-00457.mhd 1 309 39 61
LKDS-00459.mhd 1 117 47 61
LKDS-00459.mhd 2 117 24 30
LKDS-00460.mhd 1 625 129 171
LKDS-00461.mhd 1 405 159 173
LKDS-00463.mhd 1 304 220 234
LKDS-00465.mhd 1 245 127 143
LKDS-00466.mhd 1 497 138 150
LKDS-00467.mhd 1 301 126 136
LKDS-00469.mhd 1 492 156 176
LKDS-00470.mhd 1 133 80 86
LKDS-00471.mhd 1 314 120 138
LKDS-00472.mhd 1 246 77 87
LKDS-00472.mhd 2 246 99 113
LKDS-00473.mhd 1 148 70 76
LKDS-00473.mhd 2 148 56 62
LKDS-00473.mhd 3 148 71 77
LKDS-00474.mhd 1 503 294 312
LKDS-00475.mhd 1 339 41 53
LKDS-00476.mhd 1 558 202 214
LKDS-00476.mhd 2 558 287 311
LKDS-00476.mhd 3 558 291 303
LKDS-00476.mhd 4 558 498 510
LKDS-00476.mhd 5 558 487 499
LKDS-00477.mhd 1 299 151 169
LKDS-00478.mhd 1 429 193 205
LKDS-00478.mhd 2 429 136 146
LKDS-00478.mhd 3 429 224 234
LKDS-00480.mhd 1 280 187 203
LKDS-00480.mhd 2 280 139 149
LKDS-00480.mhd 3 280 134 146
LKDS-00481.mhd 1 329 137 151
LKDS-00482.mhd 1 354 156 170
LKDS-00485.mhd 1 335 205 213
LKDS-00486.mhd 1 489 90 102
LKDS-00486.mhd 2 489 293 307
LKDS-00487.mhd 1 241 47 55
LKDS-00487.mhd 2 241 48 56
LKDS-00487.mhd 3 241 101 109
LKDS-00487.mhd 4 241 212 220
LKDS-00488.mhd 1 175 97 109
LKDS-00491.mhd 1 497 276 288
LKDS-00492.mhd 1 136 27 33
LKDS-00492.mhd 2 136 13 19
LKDS-00493.mhd 1 290 97 111
LKDS-00494.mhd 1 180 106 116
LKDS-00494.mhd 2 180 167 173
LKDS-00496.mhd 1 275 49 61
LKDS-00497.mhd 1 127 71 77
LKDS-00499.mhd 1 241 84 96
LKDS-00503.mhd 1 280 73 99
LKDS-00506.mhd 1 375 177 185
LKDS-00506.mhd 2 375 273 281
LKDS-00507.mhd 1 389 78 88
LKDS-00509.mhd 1 127 30 36
LKDS-00509.mhd 2 127 38 42
LKDS-00509.mhd 3 127 42 48
LKDS-00509.mhd 4 127 45 51
LKDS-00509.mhd 5 127 52 56
LKDS-00509.mhd 6 127 63 69
LKDS-00511.mhd 1 373 90 128
LKDS-00512.mhd 1 143 114 126
LKDS-00513.mhd 1 230 50 70
LKDS-00514.mhd 1 304 100 132
LKDS-00515.mhd 1 356 139 169
LKDS-00517.mhd 1 360 153 173
LKDS-00519.mhd 1 522 61 89
LKDS-00519.mhd 2 522 218 236
LKDS-00521.mhd 1 541 366 378
LKDS-00525.mhd 1 114 68 78
LKDS-00527.mhd 1 313 35 49
LKDS-00527.mhd 2 313 59 73
LKDS-00528.mhd 1 252 150 172
LKDS-00529.mhd 1 305 120 134
LKDS-00530.mhd 1 221 96 106
LKDS-00530.mhd 2 221 87 97
LKDS-00531.mhd 1 481 286 308
LKDS-00531.mhd 2 481 341 353
LKDS-00533.mhd 1 617 282 294
LKDS-00533.mhd 2 617 315 333
LKDS-00534.mhd 1 329 134 154
LKDS-00537.mhd 1 330 84 98
LKDS-00540.mhd 1 265 99 107
LKDS-00540.mhd 2 265 118 130
LKDS-00541.mhd 1 238 112 122
LKDS-00541.mhd 2 238 124 132
LKDS-00544.mhd 1 227 144 158
LKDS-00544.mhd 2 227 126 138
LKDS-00545.mhd 1 128 30 36
LKDS-00545.mhd 2 128 33 39
LKDS-00545.mhd 3 128 34 40
LKDS-00545.mhd 4 128 38 44
LKDS-00545.mhd 5 128 36 42
LKDS-00545.mhd 6 128 44 50
LKDS-00546.mhd 1 268 98 106
LKDS-00546.mhd 2 268 102 108
LKDS-00549.mhd 1 317 189 215
LKDS-00550.mhd 1 458 395 411
LKDS-00550.mhd 2 458 374 386
LKDS-00553.mhd 1 215 80 86
LKDS-00553.mhd 2 215 85 91
LKDS-00553.mhd 3 215 104 110
LKDS-00555.mhd 1 281 144 152
LKDS-00555.mhd 2 281 128 142
LKDS-00556.mhd 1 466 188 198
LKDS-00556.mhd 2 466 311 339
LKDS-00558.mhd 1 633 92 104
LKDS-00562.mhd 1 308 153 177
LKDS-00562.mhd 2 308 154 178
LKDS-00563.mhd 1 517 236 250
LKDS-00565.mhd 1 503 272 292
LKDS-00566.mhd 1 133 110 114
LKDS-00567.mhd 1 267 207 215
LKDS-00567.mhd 2 267 179 187
LKDS-00571.mhd 1 221 107 115
LKDS-00571.mhd 2 221 145 161
LKDS-00571.mhd 3 221 174 180
LKDS-00572.mhd 1 186 24 50
LKDS-00573.mhd 1 521 44 72
LKDS-00573.mhd 2 521 44 76
LKDS-00574.mhd 1 349 100 114
LKDS-00575.mhd 1 280 128 136
LKDS-00578.mhd 1 330 75 93
LKDS-00579.mhd 1 361 65 73
LKDS-00582.mhd 1 244 62 70
LKDS-00585.mhd 1 257 40 54
LKDS-00585.mhd 2 257 86 94
LKDS-00586.mhd 1 301 153 161
LKDS-00587.mhd 1 805 175 191
LKDS-00589.mhd 1 421 30 70
LKDS-00589.mhd 2 421 62 80
LKDS-00592.mhd 1 436 321 335
LKDS-00593.mhd 1 334 85 101
LKDS-00595.mhd 1 429 238 248
LKDS-00595.mhd 2 429 185 199
LKDS-00596.mhd 1 459 95 125
LKDS-00598.mhd 1 232 129 145
LKDS-00598.mhd 2 232 153 169
LKDS-00598.mhd 3 232 136 148
LKDS-00600.mhd 1 320 48 72
LKDS-00601.mhd 1 535 310 320
LKDS-00601.mhd 2 535 86 96
LKDS-00601.mhd 3 535 153 165
LKDS-00601.mhd 4 535 305 325
LKDS-00603.mhd 1 270 37 49
LKDS-00605.mhd 1 324 174 188
LKDS-00608.mhd 1 290 173 181
LKDS-00608.mhd 2 290 156 164
LKDS-00608.mhd 3 290 203 219
LKDS-00608.mhd 4 290 154 164
LKDS-00608.mhd 5 290 76 84
LKDS-00609.mhd 1 261 112 132
LKDS-00611.mhd 1 494 177 195
LKDS-00612.mhd 1 553 213 227
LKDS-00614.mhd 1 267 111 119
