LKDS-00615.mhd 1 345 147 157
LKDS-00619.mhd 1 304 80 100
LKDS-00620.mhd 1 231 103 111
LKDS-00620.mhd 2 231 57 81
LKDS-00622.mhd 1 295 231 241
LKDS-00623.mhd 1 232 105 117
LKDS-00624.mhd 1 257 119 127
LKDS-00625.mhd 1 263 121 139
LKDS-00625.mhd 2 263 122 140
LKDS-00628.mhd 1 539 257 291
LKDS-00629.mhd 1 260 175 183
LKDS-00699.mhd 1 315 128 136
LKDS-00699.mhd 2 315 53 61
LKDS-00699.mhd 3 315 67 81
LKDS-00699.mhd 4 315 110 126
LKDS-00699.mhd 5 315 58 66
LKDS-00700.mhd 1 569 242 256
LKDS-00700.mhd 2 569 278 290
LKDS-00701.mhd 1 213 118 126
LKDS-00702.mhd 1 265 102 110
LKDS-00702.mhd 2 265 115 123
LKDS-00703.mhd 1 525 416 438
LKDS-00703.mhd 2 525 386 400
LKDS-00706.mhd 1 336 31 41
LKDS-00707.mhd 1 368 53 77
LKDS-00708.mhd 1 130 71 75
LKDS-00709.mhd 1 258 171 179
LKDS-00709.mhd 2 258 164 180
LKDS-00710.mhd 1 521 149 163
LKDS-00711.mhd 1 482 255 267
LKDS-00711.mhd 2 482 411 429
LKDS-00714.mhd 1 245 73 85
LKDS-00714.mhd 2 245 114 120
LKDS-00714.mhd 3 245 169 175
LKDS-00716.mhd 1 261 79 89
LKDS-00717.mhd 1 133 52 58
LKDS-00717.mhd 2 133 86 92
LKDS-00718.mhd 1 538 419 431
LKDS-00718.mhd 2 538 285 295
LKDS-00722.mhd 1 389 56 68
LKDS-00723.mhd 1 141 76 86
LKDS-00723.mhd 2 141 104 110
LKDS-00725.mhd 1 238 37 55
LKDS-00725.mhd 2 238 189 203
LKDS-00727.mhd 1 133 80 94
LKDS-00728.mhd 1 359 206 222
LKDS-00730.mhd 1 214 103 111
LKDS-00730.mhd 2 214 107 113
LKDS-00730.mhd 3 214 98 124
LKDS-00730.mhd 4 214 121 129
LKDS-00730.mhd 5 214 127 135
LKDS-00730.mhd 6 214 131 141
LKDS-00730.mhd 7 214 148 156
LKDS-00730.mhd 8 214 155 163
LKDS-00730.mhd 9 214 162 170
LKDS-00730.mhd 10 214 163 173
LKDS-00730.mhd 11 214 30 38
LKDS-00730.mhd 12 214 82 88
LKDS-00730.mhd 13 214 94 100
LKDS-00731.mhd 1 280 24 38
LKDS-00732.mhd 1 368 312 320
LKDS-00732.mhd 2 368 197 209
LKDS-00732.mhd 3 368 207 215
LKDS-00732.mhd 4 368 160 190
LKDS-00733.mhd 1 140 68 80
LKDS-00733.mhd 2 140 79 85
LKDS-00733.mhd 3 140 79 87
LKDS-00734.mhd 1 331 65 89
LKDS-00739.mhd 1 481 96 120
LKDS-00740.mhd 1 662 77 89
LKDS-00630.mhd 1 348 154 164
LKDS-00632.mhd 1 311 154 182
LKDS-00632.mhd 2 311 58 78
LKDS-00634.mhd 1 324 99 133
LKDS-00634.mhd 2 324 110 124
LKDS-00638.mhd 1 271 86 104
LKDS-00639.mhd 1 490 366 392
LKDS-00639.mhd 2 490 298 310
LKDS-00640.mhd 1 296 75 105
LKDS-00641.mhd 1 275 142 170
LKDS-00643.mhd 1 305 91 109
LKDS-00643.mhd 2 305 93 111
LKDS-00643.mhd 3 305 94 112
LKDS-00646.mhd 1 164 101 109
LKDS-00647.mhd 1 334 116 136
LKDS-00648.mhd 1 244 107 119
LKDS-00648.mhd 2 244 124 132
LKDS-00648.mhd 3 244 134 142
LKDS-00649.mhd 1 131 78 86
LKDS-00649.mhd 2 131 78 86
LKDS-00650.mhd 1 276 189 207
LKDS-00650.mhd 2 276 97 107
LKDS-00650.mhd 3 276 207 215
LKDS-00651.mhd 1 536 297 309
LKDS-00651.mhd 2 536 249 261
LKDS-00651.mhd 3 536 494 502
LKDS-00651.mhd 4 536 253 263
LKDS-00651.mhd 5 536 414 424
LKDS-00653.mhd 1 295 119 129
LKDS-00658.mhd 1 452 177 189
LKDS-00660.mhd 1 441 221 237
LKDS-00661.mhd 1 268 106 114
LKDS-00661.mhd 2 268 131 141
LKDS-00663.mhd 1 276 127 135
LKDS-00666.mhd 1 201 109 129
LKDS-00667.mhd 1 397 184 196
LKDS-00668.mhd 1 300 73 79
LKDS-00670.mhd 1 329 132 148
LKDS-00671.mhd 1 549 123 145
LKDS-00673.mhd 1 278 80 92
LKDS-00674.mhd 1 278 185 191
LKDS-00674.mhd 2 278 240 248
LKDS-00675.mhd 1 457 153 173
LKDS-00676.mhd 1 238 57 73
LKDS-00677.mhd 1 145 100 114
LKDS-00678.mhd 1 456 227 255
LKDS-00681.mhd 1 265 93 99
LKDS-00682.mhd 1 280 223 231
LKDS-00683.mhd 1 285 156 164
LKDS-00683.mhd 2 285 81 89
LKDS-00684.mhd 1 337 126 164
LKDS-00691.mhd 1 465 362 388
LKDS-00692.mhd 1 334 79 87
LKDS-00692.mhd 2 334 98 108
LKDS-00692.mhd 3 334 156 168
LKDS-00692.mhd 4 334 208 220
LKDS-00692.mhd 5 334 249 259
LKDS-00692.mhd 6 334 170 180
LKDS-00692.mhd 7 334 82 110
LKDS-00694.mhd 1 187 73 79
LKDS-00694.mhd 2 187 109 115
LKDS-00694.mhd 3 187 121 127
LKDS-00694.mhd 4 187 152 158
LKDS-00694.mhd 5 187 153 159
LKDS-00696.mhd 1 351 252 262
LKDS-00696.mhd 2 351 166 174
LKDS-00697.mhd 1 271 100 118
LKDS-00698.mhd 1 329 51 61
LKDS-00698.mhd 2 329 50 64
LKDS-00742.mhd 1 308 231 239
LKDS-00744.mhd 1 128 90 96
LKDS-00745.mhd 1 250 131 149
LKDS-00745.mhd 2 250 146 154
LKDS-00745.mhd 3 250 22 28
LKDS-00745.mhd 4 250 39 47
LKDS-00745.mhd 5 250 43 49
LKDS-00746.mhd 1 136 76 88
LKDS-00746.mhd 2 136 35 43
LKDS-00750.mhd 1 297 133 147
LKDS-00752.mhd 1 401 95 113
LKDS-00755.mhd 1 345 142 156
LKDS-00756.mhd 1 210 56 64
LKDS-00756.mhd 2 210 62 86
LKDS-00756.mhd 3 210 90 98
LKDS-00757.mhd 1 220 92 100
LKDS-00757.mhd 2 220 113 121
LKDS-00759.mhd 1 477 256 272
LKDS-00759.mhd 2 477 84 102
LKDS-00760.mhd 1 159 51 59
LKDS-00762.mhd 1 335 56 66
LKDS-00762.mhd 2 335 182 196
LKDS-00762.mhd 3 335 224 234
LKDS-00763.mhd 1 465 91 109
LKDS-00764.mhd 1 321 143 151
LKDS-00767.mhd 1 469 313 329
LKDS-00768.mhd 1 131 43 49
LKDS-00771.mhd 1 171 89 95
LKDS-00771.mhd 2 171 127 135
LKDS-00772.mhd 1 123 32 44
LKDS-00772.mhd 2 123 83 91
LKDS-00772.mhd 3 123 86 92
LKDS-00772.mhd 4 123 81 99
LKDS-00772.mhd 5 123 65 71
LKDS-00773.mhd 1 212 100 114
LKDS-00775.mhd 1 376 122 146
LKDS-00776.mhd 1 249 173 179
LKDS-00776.mhd 2 249 141 149
LKDS-00776.mhd 3 249 104 112
LKDS-00777.mhd 1 360 109 121
LKDS-00777.mhd 2 360 159 169
LKDS-00778.mhd 1 397 154 174
LKDS-00780.mhd 1 469 260 282
LKDS-00781.mhd 1 235 125 139
LKDS-00782.mhd 1 525 321 335
LKDS-00783.mhd 1 245 11 25
LKDS-00784.mhd 1 500 250 264
LKDS-00788.mhd 1 319 88 100
LKDS-00789.mhd 1 267 151 163
LKDS-00790.mhd 1 321 165 187
LKDS-00795.mhd 1 355 111 123
LKDS-00796.mhd 1 538 206 218
LKDS-00796.mhd 2 538 217 227
LKDS-00796.mhd 3 538 261 273
LKDS-00797.mhd 1 582 59 87
LKDS-00798.mhd 1 252 179 187
LKDS-00798.mhd 2 252 105 111
LKDS-00801.mhd 1 241 72 86
LKDS-00803.mhd 1 292 73 99
LKDS-00805.mhd 1 261 82 104
LKDS-00807.mhd 1 344 59 75
LKDS-00807.mhd 2 344 92 104
LKDS-00807.mhd 3 344 108 120
LKDS-00807.mhd 4 344 165 179
LKDS-00808.mhd 1 137 110 124
LKDS-00809.mhd 1 490 174 186
LKDS-00811.mhd 1 513 163 175
LKDS-00813.mhd 1 505 195 207
