LKDS-00814.mhd 1 319 47 59
LKDS-00815.mhd 1 238 110 118
LKDS-00816.mhd 1 232 103 113
LKDS-00816.mhd 2 232 164 172
LKDS-00816.mhd 3 232 188 196
LKDS-00817.mhd 1 569 93 109
LKDS-00819.mhd 1 333 195 207
LKDS-00819.mhd 2 333 92 102
LKDS-00819.mhd 3 333 188 196
LKDS-00820.mhd 1 121 39 45
LKDS-00821.mhd 1 337 107 137
LKDS-00823.mhd 1 300 72 80
LKDS-00824.mhd 1 985 163 175
LKDS-00825.mhd 1 423 111 121
LKDS-00826.mhd 1 487 107 127
LKDS-00826.mhd 2 487 108 128
LKDS-00826.mhd 3 487 109 129
LKDS-00827.mhd 1 558 205 219
LKDS-00829.mhd 1 221 151 167
LKDS-00830.mhd 1 305 134 150
LKDS-00831.mhd 1 474 286 298
LKDS-00831.mhd 2 474 408 422
LKDS-00832.mhd 1 472 75 91
LKDS-00833.mhd 1 379 84 108
LKDS-00834.mhd 1 536 249 275
LKDS-00835.mhd 1 191 85 91
LKDS-00835.mhd 2 191 92 98
LKDS-00835.mhd 3 191 102 108
LKDS-00835.mhd 4 191 130 142
LKDS-00836.mhd 1 334 207 215
LKDS-00837.mhd 1 613 196 238
LKDS-00838.mhd 1 311 128 154
LKDS-00839.mhd 1 423 60 76
LKDS-00839.mhd 2 423 78 92
LKDS-00839.mhd 3 423 110 130
LKDS-00841.mhd 1 109 74 80
LKDS-00843.mhd 1 233 85 105
LKDS-00844.mhd 1 438 196 220
LKDS-00845.mhd 1 133 95 101
LKDS-00845.mhd 2 133 80 92
LKDS-00846.mhd 1 381 136 160
LKDS-00847.mhd 1 361 143 183
LKDS-00847.mhd 2 361 140 186
LKDS-00848.mhd 1 590 504 518
LKDS-00848.mhd 2 590 345 379
LKDS-00852.mhd 1 553 205 265
LKDS-00855.mhd 1 253 142 150
LKDS-00855.mhd 2 253 121 131
LKDS-00855.mhd 3 253 46 60
LKDS-00855.mhd 4 253 45 53
LKDS-00855.mhd 5 253 120 130
LKDS-00855.mhd 6 253 113 123
LKDS-00855.mhd 7 253 158 166
LKDS-00855.mhd 8 253 108 116
LKDS-00855.mhd 9 253 87 95
LKDS-00855.mhd 10 253 58 70
LKDS-00855.mhd 11 253 76 84
LKDS-00855.mhd 12 253 91 97
LKDS-00856.mhd 1 324 103 121
LKDS-00856.mhd 2 324 135 145
LKDS-00857.mhd 1 461 146 174
LKDS-00859.mhd 1 244 138 148
LKDS-00859.mhd 2 244 138 146
LKDS-00859.mhd 3 244 125 131
LKDS-00859.mhd 4 244 124 130
LKDS-00859.mhd 5 244 116 122
LKDS-00862.mhd 1 133 80 90
LKDS-00862.mhd 2 133 66 78
LKDS-00862.mhd 3 133 49 61
LKDS-00863.mhd 1 137 68 76
LKDS-00865.mhd 1 266 51 65
LKDS-00865.mhd 2 266 54 64
LKDS-00865.mhd 3 266 62 74
LKDS-00866.mhd 1 246 75 83
LKDS-00866.mhd 2 246 99 105
LKDS-00866.mhd 3 246 128 136
LKDS-00867.mhd 1 166 76 86
LKDS-00867.mhd 2 166 132 138
LKDS-00868.mhd 1 287 123 133
LKDS-00870.mhd 1 519 264 278
LKDS-00870.mhd 2 519 190 204
LKDS-00873.mhd 1 319 158 172
LKDS-00875.mhd 1 280 197 211
LKDS-00876.mhd 1 245 156 168
LKDS-00878.mhd 1 232 132 138
LKDS-00878.mhd 2 232 171 179
LKDS-00878.mhd 3 232 185 193
LKDS-00878.mhd 4 232 186 194
LKDS-00878.mhd 5 232 159 165
LKDS-00879.mhd 1 479 93 121
LKDS-00879.mhd 2 479 198 218
LKDS-00879.mhd 3 479 320 334
LKDS-00880.mhd 1 119 54 60
LKDS-00880.mhd 2 119 65 71
LKDS-00882.mhd 1 359 244 252
LKDS-00884.mhd 1 322 250 260
LKDS-00885.mhd 1 314 159 177
LKDS-00886.mhd 1 390 60 72
LKDS-00887.mhd 1 356 145 159
LKDS-00888.mhd 1 287 75 83
LKDS-00890.mhd 1 291 116 126
LKDS-00891.mhd 1 331 168 186
LKDS-00892.mhd 1 130 100 112
LKDS-00893.mhd 1 205 124 136
LKDS-00893.mhd 2 205 83 91
LKDS-00893.mhd 3 205 73 83
LKDS-00893.mhd 4 205 50 58
LKDS-00893.mhd 5 205 115 123
LKDS-00894.mhd 1 212 14 24
LKDS-00896.mhd 1 452 371 383
LKDS-00897.mhd 1 445 331 349
LKDS-00898.mhd 1 211 50 68
LKDS-00899.mhd 1 483 362 376
LKDS-00900.mhd 1 149 42 52
LKDS-00901.mhd 1 557 154 170
LKDS-00901.mhd 2 557 206 220
LKDS-00901.mhd 3 557 296 310
LKDS-00904.mhd 1 365 168 182
LKDS-00906.mhd 1 196 1 7
LKDS-00906.mhd 2 196 88 96
LKDS-00911.mhd 1 513 247 295
LKDS-00912.mhd 1 326 202 216
LKDS-00912.mhd 2 326 263 273
LKDS-00912.mhd 3 326 271 279
LKDS-00912.mhd 4 326 282 294
LKDS-00912.mhd 5 326 281 289
LKDS-00912.mhd 6 326 242 252
LKDS-00914.mhd 1 506 304 314
LKDS-00914.mhd 2 506 195 209
LKDS-00914.mhd 3 506 176 188
LKDS-00915.mhd 1 245 174 190
LKDS-00915.mhd 2 245 85 93
LKDS-00915.mhd 3 245 127 135
LKDS-00915.mhd 4 245 117 127
LKDS-00917.mhd 1 235 107 121
LKDS-00917.mhd 2 235 28 36
LKDS-00917.mhd 3 235 29 37
LKDS-00918.mhd 1 236 35 57
LKDS-00919.mhd 1 460 292 312
LKDS-00921.mhd 1 440 163 199
LKDS-00921.mhd 2 440 264 278
LKDS-00921.mhd 3 440 289 301
LKDS-00923.mhd 1 270 136 160
LKDS-00924.mhd 1 338 139 149
LKDS-00924.mhd 2 338 278 286
LKDS-00930.mhd 1 279 58 72
LKDS-00931.mhd 1 197 95 105
LKDS-00931.mhd 2 197 147 157
LKDS-00931.mhd 3 197 154 166
LKDS-00931.mhd 4 197 53 63
LKDS-00933.mhd 1 263 61 81
LKDS-00933.mhd 2 263 66 78
LKDS-00935.mhd 1 300 42 62
LKDS-00936.mhd 1 324 111 121
LKDS-00937.mhd 1 218 20 28
LKDS-00937.mhd 2 218 33 55
LKDS-00937.mhd 3 218 53 65
LKDS-00939.mhd 1 157 85 91
LKDS-00941.mhd 1 385 91 109
LKDS-00942.mhd 1 250 47 55
LKDS-00942.mhd 2 250 46 56
LKDS-00942.mhd 3 250 67 75
LKDS-00944.mhd 1 125 52 58
LKDS-00945.mhd 1 133 96 102
LKDS-00946.mhd 1 331 194 204
LKDS-00948.mhd 1 406 157 171
LKDS-00949.mhd 1 225 185 193
LKDS-00950.mhd 1 247 49 63
LKDS-00950.mhd 2 247 50 64
LKDS-00951.mhd 1 308 136 156
LKDS-00953.mhd 1 309 81 97
LKDS-00954.mhd 1 147 102 108
LKDS-00954.mhd 2 147 93 99
LKDS-00956.mhd 1 275 148 168
LKDS-00957.mhd 1 469 127 145
LKDS-00961.mhd 1 339 118 136
LKDS-00962.mhd 1 535 400 412
LKDS-00964.mhd 1 141 69 77
LKDS-00964.mhd 2 141 76 84
LKDS-00964.mhd 3 141 92 98
LKDS-00964.mhd 4 141 104 110
LKDS-00964.mhd 5 141 123 133
LKDS-00968.mhd 1 446 291 321
LKDS-00969.mhd 1 529 97 111
LKDS-00970.mhd 1 113 52 58
LKDS-00973.mhd 1 346 138 170
LKDS-00976.mhd 1 265 89 97
LKDS-00976.mhd 2 265 62 70
LKDS-00976.mhd 3 265 137 145
LKDS-00976.mhd 4 265 154 162
LKDS-00979.mhd 1 441 136 158
LKDS-00981.mhd 1 238 157 165
LKDS-00982.mhd 1 569 218 232
LKDS-00983.mhd 1 310 70 92
LKDS-00984.mhd 1 441 188 210
LKDS-00985.mhd 1 310 39 47
LKDS-00989.mhd 1 294 115 129
LKDS-00990.mhd 1 392 262 274
LKDS-00990.mhd 2 392 89 103
LKDS-00991.mhd 1 133 20 26
LKDS-00991.mhd 2 133 19 25
LKDS-00991.mhd 3 133 61 67
LKDS-00991.mhd 4 133 62 70
LKDS-00994.mhd 1 133 96 102
LKDS-00995.mhd 1 464 83 115
LKDS-00996.mhd 1 133 84 92
LKDS-00996.mhd 2 133 81 89
LKDS-00997.mhd 1 205 31 55
LKDS-00998.mhd 1 241 195 213
LKDS-01000.mhd 1 551 320 332
