LKDS-00001.mhd 1 281 135 151
LKDS-00003.mhd 1 593 282 294
LKDS-00003.mhd 2 593 285 299
LKDS-00004.mhd 1 325 129 157
LKDS-00005.mhd 1 419 142 154
LKDS-00007.mhd 1 649 83 97
LKDS-00011.mhd 1 253 132 140
LKDS-00013.mhd 1 379 116 144
LKDS-00015.mhd 1 389 21 33
LKDS-00016.mhd 1 509 124 142
LKDS-00016.mhd 2 509 190 204
LKDS-00016.mhd 3 509 220 236
LKDS-00019.mhd 1 240 94 102
LKDS-00019.mhd 2 240 206 214
LKDS-00020.mhd 1 221 101 109
LKDS-00020.mhd 2 221 107 113
LKDS-00020.mhd 3 221 109 121
LKDS-00020.mhd 4 221 129 135
LKDS-00020.mhd 5 221 141 147
LKDS-00020.mhd 6 221 163 171
LKDS-00020.mhd 7 221 27 49
LKDS-00020.mhd 8 221 77 85
LKDS-00020.mhd 9 221 80 86
LKDS-00020.mhd 10 221 84 90
LKDS-00020.mhd 11 221 85 93
LKDS-00021.mhd 1 441 294 312
LKDS-00023.mhd 1 197 138 144
LKDS-00023.mhd 2 197 149 155
LKDS-00025.mhd 1 133 75 81
LKDS-00026.mhd 1 477 186 196
LKDS-00026.mhd 2 477 282 294
LKDS-00028.mhd 1 325 89 97
LKDS-00029.mhd 1 449 162 176
LKDS-00030.mhd 1 334 133 147
LKDS-00034.mhd 1 192 115 121
LKDS-00035.mhd 1 524 31 77
LKDS-00035.mhd 2 524 33 77
LKDS-00036.mhd 1 270 181 189
LKDS-00038.mhd 1 481 148 168
LKDS-00039.mhd 1 272 78 88
LKDS-00039.mhd 2 272 219 237
LKDS-00040.mhd 1 329 156 172
LKDS-00041.mhd 1 181 143 151
LKDS-00042.mhd 1 564 274 286
LKDS-00043.mhd 1 139 86 100
LKDS-00044.mhd 1 280 209 217
LKDS-00047.mhd 1 336 85 97
LKDS-00047.mhd 2 336 93 101
LKDS-00050.mhd 1 356 211 239
LKDS-00051.mhd 1 461 197 215
LKDS-00052.mhd 1 220 84 92
LKDS-00052.mhd 2 220 164 172
LKDS-00052.mhd 3 220 152 162
LKDS-00052.mhd 4 220 131 155
LKDS-00052.mhd 5 220 94 100
LKDS-00052.mhd 6 220 71 79
LKDS-00053.mhd 1 291 101 119
LKDS-00054.mhd 1 164 80 88
LKDS-00054.mhd 2 164 74 80
LKDS-00054.mhd 3 164 73 79
LKDS-00054.mhd 4 164 58 64
LKDS-00054.mhd 5 164 50 58
LKDS-00058.mhd 1 385 193 209
LKDS-00061.mhd 1 281 225 247
LKDS-00062.mhd 1 163 62 68
LKDS-00062.mhd 2 163 55 63
LKDS-00064.mhd 1 541 384 396
LKDS-00064.mhd 2 541 432 446
LKDS-00065.mhd 1 450 167 199
LKDS-00065.mhd 2 450 167 201
LKDS-00066.mhd 1 338 194 204
LKDS-00068.mhd 1 545 231 245
LKDS-00073.mhd 1 280 179 189
LKDS-00074.mhd 1 290 218 226
LKDS-00075.mhd 1 326 61 89
LKDS-00076.mhd 1 246 63 77
LKDS-00077.mhd 1 469 249 263
LKDS-00078.mhd 1 320 119 127
LKDS-00078.mhd 2 320 122 130
LKDS-00078.mhd 3 320 132 140
LKDS-00078.mhd 4 320 217 229
LKDS-00079.mhd 1 341 45 69
LKDS-00081.mhd 1 508 92 156
LKDS-00083.mhd 1 331 102 118
LKDS-00084.mhd 1 429 180 192
LKDS-00084.mhd 2 429 150 164
LKDS-00085.mhd 1 379 127 147
LKDS-00085.mhd 2 379 142 154
LKDS-00088.mhd 1 314 86 98
LKDS-00089.mhd 1 418 71 93
LKDS-00090.mhd 1 307 63 71
LKDS-00091.mhd 1 521 280 296
LKDS-00092.mhd 1 263 141 153
LKDS-00093.mhd 1 266 73 91
LKDS-00093.mhd 2 266 138 146
LKDS-00095.mhd 1 531 107 123
LKDS-00096.mhd 1 473 110 128
LKDS-00096.mhd 2 473 248 264
LKDS-00096.mhd 3 473 273 287
LKDS-00099.mhd 1 133 76 84
LKDS-00100.mhd 1 477 207 219
LKDS-00101.mhd 1 335 30 42
LKDS-00102.mhd 1 435 187 199
LKDS-00104.mhd 1 187 54 60
LKDS-00104.mhd 2 187 69 75
LKDS-00105.mhd 1 279 73 93
LKDS-00107.mhd 1 503 78 94
LKDS-00108.mhd 1 551 74 108
LKDS-00109.mhd 1 109 63 69
LKDS-00110.mhd 1 253 111 125
LKDS-00111.mhd 1 376 237 261
LKDS-00112.mhd 1 198 40 48
LKDS-00112.mhd 2 198 67 73
LKDS-00114.mhd 1 133 53 59
LKDS-00114.mhd 2 133 107 113
LKDS-00116.mhd 1 127 56 62
LKDS-00117.mhd 1 485 285 301
LKDS-00118.mhd 1 497 167 179
LKDS-00118.mhd 2 497 325 339
LKDS-00119.mhd 1 240 103 113
LKDS-00120.mhd 1 300 170 178
LKDS-00122.mhd 1 285 142 150
LKDS-00126.mhd 1 577 73 91
LKDS-00127.mhd 1 514 371 387
LKDS-00129.mhd 1 295 156 164
LKDS-00129.mhd 2 295 164 172
LKDS-00129.mhd 3 295 230 238
LKDS-00133.mhd 1 371 135 169
LKDS-00134.mhd 1 133 48 54
LKDS-00134.mhd 2 133 67 75
LKDS-00134.mhd 3 133 79 87
LKDS-00135.mhd 1 318 178 196
LKDS-00135.mhd 2 318 196 214
LKDS-00135.mhd 3 318 230 242
LKDS-00136.mhd 1 519 284 294
LKDS-00137.mhd 1 619 482 510
LKDS-00137.mhd 2 619 483 511
LKDS-00140.mhd 1 341 185 193
LKDS-00142.mhd 1 145 37 43
LKDS-00144.mhd 1 569 96 108
LKDS-00147.mhd 1 340 255 267
LKDS-00149.mhd 1 521 177 189
LKDS-00150.mhd 1 372 52 62
LKDS-00151.mhd 1 421 193 205
LKDS-00152.mhd 1 417 43 59
LKDS-00152.mhd 2 417 116 134
LKDS-00154.mhd 1 290 37 47
LKDS-00154.mhd 2 290 47 61
LKDS-00156.mhd 1 116 56 62
LKDS-00160.mhd 1 156 78 84
LKDS-00160.mhd 2 156 67 73
LKDS-00160.mhd 3 156 41 47
LKDS-00160.mhd 4 156 46 56
LKDS-00160.mhd 5 156 58 66
LKDS-00162.mhd 1 371 97 127
LKDS-00165.mhd 1 406 148 180
LKDS-00168.mhd 1 385 289 313
LKDS-00169.mhd 1 263 127 137
LKDS-00171.mhd 1 152 104 116
LKDS-00173.mhd 1 375 289 323
LKDS-00173.mhd 2 375 272 282
LKDS-00175.mhd 1 226 83 109
LKDS-00176.mhd 1 471 47 61
LKDS-00178.mhd 1 521 215 237
LKDS-00178.mhd 2 521 235 247
LKDS-00180.mhd 1 593 201 235
LKDS-00181.mhd 1 425 210 224
LKDS-00183.mhd 1 123 28 36
LKDS-00184.mhd 1 257 158 170
LKDS-00185.mhd 1 115 76 82
LKDS-00187.mhd 1 133 75 81
LKDS-00188.mhd 1 262 82 102
LKDS-00189.mhd 1 541 263 287
LKDS-00191.mhd 1 180 26 58
LKDS-00192.mhd 1 343 64 76
LKDS-00193.mhd 1 426 129 157
LKDS-00194.mhd 1 311 115 129
LKDS-00195.mhd 1 549 216 236
LKDS-00196.mhd 1 266 162 170
LKDS-00198.mhd 1 304 32 60
LKDS-00200.mhd 1 261 96 104
LKDS-00200.mhd 2 261 53 83
LKDS-00203.mhd 1 335 177 187
LKDS-00204.mhd 1 331 74 102
LKDS-00207.mhd 1 605 325 337
LKDS-00212.mhd 1 514 407 425
LKDS-00213.mhd 1 510 69 81
LKDS-00214.mhd 1 672 515 533
LKDS-00216.mhd 1 270 111 121
LKDS-00217.mhd 1 329 93 129
LKDS-00218.mhd 1 308 101 109
LKDS-00219.mhd 1 260 102 112
LKDS-00219.mhd 2 260 61 71
LKDS-00220.mhd 1 477 208 220
LKDS-00223.mhd 1 123 44 50
LKDS-00223.mhd 2 123 74 80
LKDS-00223.mhd 3 123 38 44
LKDS-00225.mhd 1 381 104 116
LKDS-00227.mhd 1 261 86 94
LKDS-00229.mhd 1 537 295 309
LKDS-00230.mhd 1 349 65 109
LKDS-00232.mhd 1 137 72 78
LKDS-00235.mhd 1 557 276 300
LKDS-00235.mhd 2 557 328 348
LKDS-00236.mhd 1 401 146 168
LKDS-00237.mhd 1 127 101 113
LKDS-00238.mhd 1 913 342 364
LKDS-00240.mhd 1 359 89 121
LKDS-00242.mhd 1 292 188 208
LKDS-00242.mhd 2 292 74 86
LKDS-00244.mhd 1 334 70 86
LKDS-00246.mhd 1 474 204 224
LKDS-00247.mhd 1 362 109 127
LKDS-00249.mhd 1 575 107 149
LKDS-00253.mhd 1 513 230 264
LKDS-00254.mhd 1 263 143 153
LKDS-00254.mhd 2 263 144 154
LKDS-00254.mhd 3 263 180 186
LKDS-00256.mhd 1 251 136 146
LKDS-00256.mhd 2 251 134 142
LKDS-00257.mhd 1 449 237 271
LKDS-00257.mhd 2 449 281 299
LKDS-00260.mhd 1 206 151 161
LKDS-00261.mhd 1 268 229 245
LKDS-00261.mhd 2 268 246 254
LKDS-00261.mhd 3 268 249 255
LKDS-00263.mhd 1 510 247 259
LKDS-00264.mhd 1 272 205 213
LKDS-00267.mhd 1 439 290 310
LKDS-00269.mhd 1 429 90 106
LKDS-00270.mhd 1 443 223 241
LKDS-00272.mhd 1 401 282 292
LKDS-00273.mhd 1 220 33 49
LKDS-00275.mhd 1 276 69 81
LKDS-00275.mhd 2 276 173 191
LKDS-00277.mhd 1 242 24 54
LKDS-00278.mhd 1 374 178 186
LKDS-00278.mhd 2 374 179 187
LKDS-00279.mhd 1 341 2 44
LKDS-00279.mhd 2 341 281 293
LKDS-00280.mhd 1 503 253 265
LKDS-00280.mhd 2 503 297 311
LKDS-00280.mhd 3 503 348 362
LKDS-00281.mhd 1 157 80 86
LKDS-00283.mhd 1 493 221 233
LKDS-00283.mhd 2 493 207 223
LKDS-00283.mhd 3 493 254 270
LKDS-00283.mhd 4 493 196 210
LKDS-00283.mhd 5 493 189 201
LKDS-00284.mhd 1 324 91 103
LKDS-00286.mhd 1 373 167 181
LKDS-00287.mhd 1 548 261 271
LKDS-00289.mhd 1 133 73 79
LKDS-00289.mhd 2 133 79 85
LKDS-00289.mhd 3 133 87 93
LKDS-00289.mhd 4 133 104 110
LKDS-00290.mhd 1 236 103 117
LKDS-00290.mhd 2 236 107 119
LKDS-00290.mhd 3 236 113 121
LKDS-00290.mhd 4 236 117 127
LKDS-00290.mhd 5 236 41 49
LKDS-00290.mhd 6 236 52 60
LKDS-00290.mhd 7 236 71 79
LKDS-00291.mhd 1 425 302 326
LKDS-00292.mhd 1 111 29 41
LKDS-00292.mhd 2 111 42 50
LKDS-00293.mhd 1 133 60 66
LKDS-00293.mhd 2 133 63 69
LKDS-00293.mhd 3 133 64 70
LKDS-00293.mhd 4 133 65 71
LKDS-00293.mhd 5 133 68 74
LKDS-00293.mhd 6 133 63 69
LKDS-00293.mhd 7 133 62 68
LKDS-00293.mhd 8 133 65 71
LKDS-00294.mhd 1 300 125 143
LKDS-00294.mhd 2 300 73 89
LKDS-00295.mhd 1 241 84 92
LKDS-00296.mhd 1 529 90 104
LKDS-00297.mhd 1 269 169 183
LKDS-00299.mhd 1 210 157 185
LKDS-00301.mhd 1 661 124 142
LKDS-00302.mhd 1 633 392 426
LKDS-00303.mhd 1 404 87 145
LKDS-00304.mhd 1 516 156 172
LKDS-00304.mhd 2 516 288 314
LKDS-00306.mhd 1 398 53 65
LKDS-00306.mhd 2 398 86 100
LKDS-00307.mhd 1 356 91 121
LKDS-00307.mhd 2 356 202 222
LKDS-00312.mhd 1 545 368 394
LKDS-00312.mhd 2 545 405 435
LKDS-00312.mhd 3 545 192 208
LKDS-00314.mhd 1 312 231 239
LKDS-00315.mhd 1 487 235 247
LKDS-00319.mhd 1 284 57 73
LKDS-00320.mhd 1 246 221 229
LKDS-00321.mhd 1 326 154 202
LKDS-00323.mhd 1 268 135 145
LKDS-00325.mhd 1 310 80 96
LKDS-00326.mhd 1 293 46 60
LKDS-00326.mhd 2 293 109 121
LKDS-00331.mhd 1 221 28 42
LKDS-00333.mhd 1 200 61 69
LKDS-00333.mhd 2 200 92 100
