LKDS-00001.mhd 1 281 135 151
LKDS-00003.mhd 1 593 282 294
LKDS-00003.mhd 2 593 285 299
LKDS-00004.mhd 1 325 129 157
LKDS-00005.mhd 1 419 142 154
LKDS-00007.mhd 1 649 83 97
LKDS-00011.mhd 1 253 132 140
LKDS-00013.mhd 1 379 116 144
LKDS-00015.mhd 1 389 21 33
LKDS-00016.mhd 1 509 124 142
LKDS-00016.mhd 2 509 190 204
LKDS-00016.mhd 3 509 220 236
LKDS-00019.mhd 1 240 94 102
LKDS-00019.mhd 2 240 206 214
LKDS-00020.mhd 1 221 101 109
LKDS-00020.mhd 2 221 107 113
LKDS-00020.mhd 3 221 109 121
LKDS-00020.mhd 4 221 129 135
LKDS-00020.mhd 5 221 141 147
LKDS-00020.mhd 6 221 163 171
LKDS-00020.mhd 7 221 27 49
LKDS-00020.mhd 8 221 77 85
LKDS-00020.mhd 9 221 80 86
LKDS-00020.mhd 10 221 84 90
LKDS-00020.mhd 11 221 85 93
LKDS-00021.mhd 1 441 294 312
LKDS-00023.mhd 1 197 138 144
LKDS-00023.mhd 2 197 149 155
LKDS-00025.mhd 1 133 75 81
LKDS-00026.mhd 1 477 186 196
LKDS-00026.mhd 2 477 282 294
LKDS-00028.mhd 1 325 89 97
LKDS-00029.mhd 1 449 162 176
LKDS-00030.mhd 1 334 133 147
LKDS-00034.mhd 1 192 115 121
LKDS-00035.mhd 1 524 31 77
LKDS-00035.mhd 2 524 33 77
LKDS-00036.mhd 1 270 181 189
LKDS-00038.mhd 1 481 148 168
LKDS-00039.mhd 1 272 78 88
LKDS-00039.mhd 2 272 219 237
LKDS-00040.mhd 1 329 156 172
LKDS-00041.mhd 1 181 143 151
LKDS-00042.mhd 1 564 274 286
LKDS-00043.mhd 1 139 86 100
LKDS-00044.mhd 1 280 209 217
LKDS-00047.mhd 1 336 85 97
LKDS-00047.mhd 2 336 93 101
LKDS-00050.mhd 1 356 211 239
LKDS-00051.mhd 1 461 197 215
LKDS-00052.mhd 1 220 84 92
LKDS-00052.mhd 2 220 164 172
LKDS-00052.mhd 3 220 152 162
LKDS-00052.mhd 4 220 131 155
LKDS-00052.mhd 5 220 94 100
LKDS-00052.mhd 6 220 71 79
LKDS-00053.mhd 1 291 101 119
LKDS-00054.mhd 1 164 80 88
LKDS-00054.mhd 2 164 74 80
LKDS-00054.mhd 3 164 73 79
LKDS-00054.mhd 4 164 58 64
LKDS-00054.mhd 5 164 50 58
LKDS-00058.mhd 1 385 193 209
LKDS-00061.mhd 1 281 225 247
LKDS-00062.mhd 1 163 62 68
LKDS-00062.mhd 2 163 55 63
LKDS-00064.mhd 1 541 384 396
LKDS-00064.mhd 2 541 432 446
LKDS-00065.mhd 1 450 167 199
LKDS-00065.mhd 2 450 167 201
LKDS-00066.mhd 1 338 194 204
LKDS-00068.mhd 1 545 231 245
LKDS-00073.mhd 1 280 179 189
LKDS-00074.mhd 1 290 218 226
LKDS-00075.mhd 1 326 61 89
LKDS-00076.mhd 1 246 63 77
LKDS-00077.mhd 1 469 249 263
LKDS-00078.mhd 1 320 119 127
LKDS-00078.mhd 2 320 122 130
LKDS-00078.mhd 3 320 132 140
LKDS-00078.mhd 4 320 217 229
LKDS-00079.mhd 1 341 45 69
LKDS-00081.mhd 1 508 92 156
LKDS-00083.mhd 1 331 102 118
LKDS-00084.mhd 1 429 180 192
LKDS-00084.mhd 2 429 150 164
LKDS-00085.mhd 1 379 127 147
LKDS-00085.mhd 2 379 142 154
LKDS-00088.mhd 1 314 86 98
LKDS-00089.mhd 1 418 71 93
LKDS-00090.mhd 1 307 63 71
LKDS-00091.mhd 1 521 280 296
LKDS-00092.mhd 1 263 141 153
LKDS-00093.mhd 1 266 73 91
LKDS-00093.mhd 2 266 138 146
LKDS-00095.mhd 1 531 107 123
LKDS-00096.mhd 1 473 110 128
LKDS-00096.mhd 2 473 248 264
LKDS-00096.mhd 3 473 273 287
LKDS-00099.mhd 1 133 76 84
LKDS-00100.mhd 1 477 207 219
LKDS-00101.mhd 1 335 30 42
LKDS-00102.mhd 1 435 187 199
LKDS-00104.mhd 1 187 54 60
LKDS-00104.mhd 2 187 69 75
LKDS-00105.mhd 1 279 73 93
LKDS-00107.mhd 1 503 78 94
LKDS-00108.mhd 1 551 74 108
LKDS-00109.mhd 1 109 63 69
LKDS-00110.mhd 1 253 111 125
LKDS-00111.mhd 1 376 237 261
LKDS-00112.mhd 1 198 40 48
LKDS-00112.mhd 2 198 67 73
LKDS-00114.mhd 1 133 53 59
LKDS-00114.mhd 2 133 107 113
LKDS-00116.mhd 1 127 56 62
LKDS-00117.mhd 1 485 285 301
LKDS-00118.mhd 1 497 167 179
LKDS-00118.mhd 2 497 325 339
LKDS-00119.mhd 1 240 103 113
LKDS-00120.mhd 1 300 170 178
LKDS-00122.mhd 1 285 142 150
LKDS-00126.mhd 1 577 73 91
LKDS-00127.mhd 1 514 371 387
LKDS-00129.mhd 1 295 156 164
LKDS-00129.mhd 2 295 164 172
LKDS-00129.mhd 3 295 230 238
LKDS-00133.mhd 1 371 135 169
LKDS-00134.mhd 1 133 48 54
LKDS-00134.mhd 2 133 67 75
LKDS-00134.mhd 3 133 79 87
LKDS-00135.mhd 1 318 178 196
LKDS-00135.mhd 2 318 196 214
LKDS-00135.mhd 3 318 230 242
LKDS-00136.mhd 1 519 284 294
LKDS-00137.mhd 1 619 482 510
LKDS-00137.mhd 2 619 483 511
LKDS-00140.mhd 1 341 185 193
LKDS-00142.mhd 1 145 37 43
LKDS-00144.mhd 1 569 96 108
LKDS-00147.mhd 1 340 255 267
LKDS-00149.mhd 1 521 177 189
LKDS-00150.mhd 1 372 52 62
LKDS-00151.mhd 1 421 193 205
LKDS-00152.mhd 1 417 43 59
LKDS-00152.mhd 2 417 116 134
LKDS-00154.mhd 1 290 37 47
LKDS-00154.mhd 2 290 47 61
LKDS-00156.mhd 1 116 56 62
LKDS-00160.mhd 1 156 78 84
LKDS-00160.mhd 2 156 67 73
LKDS-00160.mhd 3 156 41 47
LKDS-00160.mhd 4 156 46 56
LKDS-00160.mhd 5 156 58 66
LKDS-00162.mhd 1 371 97 127
LKDS-00165.mhd 1 406 148 180
LKDS-00168.mhd 1 385 289 313
LKDS-00169.mhd 1 263 127 137
LKDS-00171.mhd 1 152 104 116
LKDS-00173.mhd 1 375 289 323
LKDS-00173.mhd 2 375 272 282
LKDS-00175.mhd 1 226 83 109
LKDS-00176.mhd 1 471 47 61
LKDS-00178.mhd 1 521 215 237
LKDS-00178.mhd 2 521 235 247
LKDS-00180.mhd 1 593 201 235
LKDS-00181.mhd 1 425 210 224
LKDS-00183.mhd 1 123 28 36
LKDS-00184.mhd 1 257 158 170
LKDS-00185.mhd 1 115 76 82
LKDS-00187.mhd 1 133 75 81
LKDS-00188.mhd 1 262 82 102
LKDS-00189.mhd 1 541 263 287
LKDS-00191.mhd 1 180 26 58
LKDS-00192.mhd 1 343 64 76
LKDS-00193.mhd 1 426 129 157
LKDS-00194.mhd 1 311 115 129
LKDS-00195.mhd 1 549 216 236
LKDS-00196.mhd 1 266 162 170
LKDS-00198.mhd 1 304 32 60
LKDS-00200.mhd 1 261 96 104
LKDS-00200.mhd 2 261 53 83
LKDS-00203.mhd 1 335 177 187
LKDS-00204.mhd 1 331 74 102
LKDS-00207.mhd 1 605 325 337
LKDS-00212.mhd 1 514 407 425
LKDS-00213.mhd 1 510 69 81
LKDS-00214.mhd 1 672 515 533
LKDS-00216.mhd 1 270 111 121
LKDS-00217.mhd 1 329 93 129
LKDS-00218.mhd 1 308 101 109
LKDS-00219.mhd 1 260 102 112
LKDS-00219.mhd 2 260 61 71
LKDS-00220.mhd 1 477 208 220
LKDS-00223.mhd 1 123 44 50
LKDS-00223.mhd 2 123 74 80
LKDS-00223.mhd 3 123 38 44
LKDS-00225.mhd 1 381 104 116
LKDS-00227.mhd 1 261 86 94
LKDS-00229.mhd 1 537 295 309
LKDS-00230.mhd 1 349 65 109
LKDS-00232.mhd 1 137 72 78
LKDS-00235.mhd 1 557 276 300
LKDS-00235.mhd 2 557 328 348
LKDS-00236.mhd 1 401 146 168
LKDS-00237.mhd 1 127 101 113
LKDS-00238.mhd 1 913 342 364
LKDS-00240.mhd 1 359 89 121
LKDS-00242.mhd 1 292 188 208
LKDS-00242.mhd 2 292 74 86
LKDS-00244.mhd 1 334 70 86
LKDS-00246.mhd 1 474 204 224
LKDS-00247.mhd 1 362 109 127
LKDS-00249.mhd 1 575 107 149
LKDS-00253.mhd 1 513 230 264
LKDS-00254.mhd 1 263 143 153
LKDS-00254.mhd 2 263 144 154
LKDS-00254.mhd 3 263 180 186
LKDS-00256.mhd 1 251 136 146
LKDS-00256.mhd 2 251 134 142
LKDS-00257.mhd 1 449 237 271
LKDS-00257.mhd 2 449 281 299
LKDS-00260.mhd 1 206 151 161
LKDS-00261.mhd 1 268 229 245
LKDS-00261.mhd 2 268 246 254
LKDS-00261.mhd 3 268 249 255
LKDS-00263.mhd 1 510 247 259
LKDS-00264.mhd 1 272 205 213
LKDS-00267.mhd 1 439 290 310
LKDS-00269.mhd 1 429 90 106
LKDS-00270.mhd 1 443 223 241
LKDS-00272.mhd 1 401 282 292
LKDS-00273.mhd 1 220 33 49
LKDS-00275.mhd 1 276 69 81
LKDS-00275.mhd 2 276 173 191
LKDS-00277.mhd 1 242 24 54
LKDS-00278.mhd 1 374 178 186
LKDS-00278.mhd 2 374 179 187
LKDS-00279.mhd 1 341 2 44
LKDS-00279.mhd 2 341 281 293
LKDS-00280.mhd 1 503 253 265
LKDS-00280.mhd 2 503 297 311
LKDS-00280.mhd 3 503 348 362
LKDS-00281.mhd 1 157 80 86
LKDS-00283.mhd 1 493 221 233
LKDS-00283.mhd 2 493 207 223
LKDS-00283.mhd 3 493 254 270
LKDS-00283.mhd 4 493 196 210
LKDS-00283.mhd 5 493 189 201
LKDS-00284.mhd 1 324 91 103
LKDS-00286.mhd 1 373 167 181
LKDS-00287.mhd 1 548 261 271
LKDS-00289.mhd 1 133 73 79
LKDS-00289.mhd 2 133 79 85
LKDS-00289.mhd 3 133 87 93
LKDS-00289.mhd 4 133 104 110
LKDS-00290.mhd 1 236 103 117
LKDS-00290.mhd 2 236 107 119
LKDS-00290.mhd 3 236 113 121
LKDS-00290.mhd 4 236 117 127
LKDS-00290.mhd 5 236 41 49
LKDS-00290.mhd 6 236 52 60
LKDS-00290.mhd 7 236 71 79
LKDS-00291.mhd 1 425 302 326
LKDS-00292.mhd 1 111 29 41
LKDS-00292.mhd 2 111 42 50
LKDS-00293.mhd 1 133 60 66
LKDS-00293.mhd 2 133 63 69
LKDS-00293.mhd 3 133 64 70
LKDS-00293.mhd 4 133 65 71
LKDS-00293.mhd 5 133 68 74
LKDS-00293.mhd 6 133 63 69
LKDS-00293.mhd 7 133 62 68
LKDS-00293.mhd 8 133 65 71
LKDS-00294.mhd 1 300 125 143
LKDS-00294.mhd 2 300 73 89
LKDS-00295.mhd 1 241 84 92
LKDS-00296.mhd 1 529 90 104
LKDS-00297.mhd 1 269 169 183
LKDS-00299.mhd 1 210 157 185
LKDS-00301.mhd 1 661 124 142
LKDS-00302.mhd 1 633 392 426
LKDS-00303.mhd 1 404 87 145
LKDS-00304.mhd 1 516 156 172
LKDS-00304.mhd 2 516 288 314
LKDS-00306.mhd 1 398 53 65
LKDS-00306.mhd 2 398 86 100
LKDS-00307.mhd 1 356 91 121
LKDS-00307.mhd 2 356 202 222
LKDS-00312.mhd 1 545 368 394
LKDS-00312.mhd 2 545 405 435
LKDS-00312.mhd 3 545 192 208
LKDS-00314.mhd 1 312 231 239
LKDS-00315.mhd 1 487 235 247
LKDS-00319.mhd 1 284 57 73
LKDS-00320.mhd 1 246 221 229
LKDS-00321.mhd 1 326 154 202
LKDS-00323.mhd 1 268 135 145
LKDS-00325.mhd 1 310 80 96
LKDS-00326.mhd 1 293 46 60
LKDS-00326.mhd 2 293 109 121
LKDS-00331.mhd 1 221 28 42
LKDS-00333.mhd 1 200 61 69
LKDS-00333.mhd 2 200 92 100
LKDS-00334.mhd 1 519 211 225
LKDS-00335.mhd 1 357 315 327
LKDS-00336.mhd 1 468 225 243
LKDS-00337.mhd 1 448 67 101
LKDS-00339.mhd 1 294 76 84
LKDS-00339.mhd 2 294 161 171
LKDS-00342.mhd 1 179 92 98
LKDS-00342.mhd 2 179 94 100
LKDS-00342.mhd 3 179 107 117
LKDS-00345.mhd 1 330 165 189
LKDS-00348.mhd 1 268 230 252
LKDS-00348.mhd 2 268 162 170
LKDS-00348.mhd 3 268 72 80
LKDS-00348.mhd 4 268 202 210
LKDS-00348.mhd 5 268 199 207
LKDS-00348.mhd 6 268 208 214
LKDS-00348.mhd 7 268 95 103
LKDS-00349.mhd 1 125 40 48
LKDS-00349.mhd 2 125 56 66
LKDS-00350.mhd 1 274 193 225
LKDS-00356.mhd 1 336 54 78
LKDS-00356.mhd 2 336 121 131
LKDS-00357.mhd 1 280 131 139
LKDS-00357.mhd 2 280 98 106
LKDS-00358.mhd 1 297 70 80
LKDS-00358.mhd 2 297 125 133
LKDS-00359.mhd 1 225 184 194
LKDS-00360.mhd 1 187 78 86
LKDS-00360.mhd 2 187 148 156
LKDS-00363.mhd 1 261 102 116
LKDS-00363.mhd 2 261 225 235
LKDS-00364.mhd 1 201 101 109
LKDS-00364.mhd 2 201 163 171
LKDS-00368.mhd 1 172 64 70
LKDS-00369.mhd 1 262 76 84
LKDS-00369.mhd 2 262 83 91
LKDS-00369.mhd 3 262 137 143
LKDS-00371.mhd 1 269 166 176
LKDS-00374.mhd 1 260 138 164
LKDS-00375.mhd 1 335 193 205
LKDS-00378.mhd 1 117 49 55
LKDS-00379.mhd 1 345 36 66
LKDS-00379.mhd 2 345 137 165
LKDS-00381.mhd 1 489 357 391
LKDS-00388.mhd 1 465 134 166
LKDS-00389.mhd 1 262 170 188
LKDS-00390.mhd 1 244 160 182
LKDS-00392.mhd 1 577 128 138
LKDS-00392.mhd 2 577 182 198
LKDS-00393.mhd 1 241 115 127
LKDS-00393.mhd 2 241 130 140
LKDS-00394.mhd 1 419 150 170
LKDS-00395.mhd 1 330 174 186
LKDS-00395.mhd 2 330 191 201
LKDS-00396.mhd 1 481 210 220
LKDS-00398.mhd 1 320 100 114
LKDS-00402.mhd 1 285 124 136
LKDS-00403.mhd 1 236 204 212
LKDS-00405.mhd 1 568 96 112
LKDS-00405.mhd 2 568 200 216
LKDS-00406.mhd 1 366 67 85
LKDS-00407.mhd 1 590 345 357
LKDS-00408.mhd 1 502 32 48
LKDS-00408.mhd 2 502 60 76
LKDS-00408.mhd 3 502 181 209
LKDS-00412.mhd 1 330 130 140
LKDS-00413.mhd 1 601 244 280
LKDS-00416.mhd 1 298 51 63
LKDS-00418.mhd 1 318 42 60
LKDS-00420.mhd 1 133 72 80
LKDS-00421.mhd 1 125 79 87
LKDS-00421.mhd 2 125 85 95
LKDS-00423.mhd 1 176 106 116
LKDS-00424.mhd 1 426 151 179
LKDS-00426.mhd 1 525 229 245
LKDS-00427.mhd 1 438 200 208
LKDS-00428.mhd 1 300 155 165
LKDS-00429.mhd 1 283 105 113
LKDS-00429.mhd 2 283 169 179
LKDS-00431.mhd 1 244 143 165
LKDS-00434.mhd 1 829 290 300
LKDS-00436.mhd 1 305 55 83
LKDS-00440.mhd 1 133 72 80
LKDS-00442.mhd 1 314 59 71
LKDS-00442.mhd 2 314 68 88
LKDS-00443.mhd 1 336 58 66
LKDS-00445.mhd 1 166 115 135
LKDS-00447.mhd 1 296 188 204
LKDS-00448.mhd 1 293 77 105
LKDS-00448.mhd 2 293 162 172
LKDS-00450.mhd 1 215 88 112
LKDS-00450.mhd 2 215 107 117
LKDS-00450.mhd 3 215 117 131
LKDS-00450.mhd 4 215 143 153
LKDS-00451.mhd 1 272 40 52
LKDS-00454.mhd 1 380 130 152
LKDS-00456.mhd 1 133 74 82
LKDS-00456.mhd 2 133 90 98
LKDS-00457.mhd 1 309 39 61
LKDS-00459.mhd 1 117 47 61
LKDS-00459.mhd 2 117 24 30
LKDS-00460.mhd 1 625 129 171
LKDS-00461.mhd 1 405 159 173
LKDS-00463.mhd 1 304 220 234
LKDS-00465.mhd 1 245 127 143
LKDS-00466.mhd 1 497 138 150
LKDS-00467.mhd 1 301 126 136
LKDS-00469.mhd 1 492 156 176
LKDS-00470.mhd 1 133 80 86
LKDS-00471.mhd 1 314 120 138
LKDS-00472.mhd 1 246 77 87
LKDS-00472.mhd 2 246 99 113
LKDS-00473.mhd 1 148 70 76
LKDS-00473.mhd 2 148 56 62
LKDS-00473.mhd 3 148 71 77
LKDS-00474.mhd 1 503 294 312
LKDS-00475.mhd 1 339 41 53
LKDS-00476.mhd 1 558 202 214
LKDS-00476.mhd 2 558 287 311
LKDS-00476.mhd 3 558 291 303
LKDS-00476.mhd 4 558 498 510
LKDS-00476.mhd 5 558 487 499
LKDS-00477.mhd 1 299 151 169
LKDS-00478.mhd 1 429 193 205
LKDS-00478.mhd 2 429 136 146
LKDS-00478.mhd 3 429 224 234
LKDS-00480.mhd 1 280 187 203
LKDS-00480.mhd 2 280 139 149
LKDS-00480.mhd 3 280 134 146
LKDS-00481.mhd 1 329 137 151
LKDS-00482.mhd 1 354 156 170
LKDS-00485.mhd 1 335 205 213
LKDS-00486.mhd 1 489 90 102
LKDS-00486.mhd 2 489 293 307
LKDS-00487.mhd 1 241 47 55
LKDS-00487.mhd 2 241 48 56
LKDS-00487.mhd 3 241 101 109
LKDS-00487.mhd 4 241 212 220
LKDS-00488.mhd 1 175 97 109
LKDS-00491.mhd 1 497 276 288
LKDS-00492.mhd 1 136 27 33
LKDS-00492.mhd 2 136 13 19
LKDS-00493.mhd 1 290 97 111
LKDS-00494.mhd 1 180 106 116
LKDS-00494.mhd 2 180 167 173
LKDS-00496.mhd 1 275 49 61
LKDS-00497.mhd 1 127 71 77
LKDS-00499.mhd 1 241 84 96
LKDS-00503.mhd 1 280 73 99
LKDS-00506.mhd 1 375 177 185
LKDS-00506.mhd 2 375 273 281
LKDS-00507.mhd 1 389 78 88
LKDS-00509.mhd 1 127 30 36
LKDS-00509.mhd 2 127 38 42
LKDS-00509.mhd 3 127 42 48
LKDS-00509.mhd 4 127 45 51
LKDS-00509.mhd 5 127 52 56
LKDS-00509.mhd 6 127 63 69
LKDS-00511.mhd 1 373 90 128
LKDS-00512.mhd 1 143 114 126
LKDS-00513.mhd 1 230 50 70
LKDS-00514.mhd 1 304 100 132
LKDS-00515.mhd 1 356 139 169
LKDS-00517.mhd 1 360 153 173
LKDS-00519.mhd 1 522 61 89
LKDS-00519.mhd 2 522 218 236
LKDS-00521.mhd 1 541 366 378
LKDS-00525.mhd 1 114 68 78
LKDS-00527.mhd 1 313 35 49
LKDS-00527.mhd 2 313 59 73
LKDS-00528.mhd 1 252 150 172
LKDS-00529.mhd 1 305 120 134
LKDS-00530.mhd 1 221 96 106
LKDS-00530.mhd 2 221 87 97
LKDS-00531.mhd 1 481 286 308
LKDS-00531.mhd 2 481 341 353
LKDS-00533.mhd 1 617 282 294
LKDS-00533.mhd 2 617 315 333
LKDS-00534.mhd 1 329 134 154
LKDS-00537.mhd 1 330 84 98
LKDS-00540.mhd 1 265 99 107
LKDS-00540.mhd 2 265 118 130
LKDS-00541.mhd 1 238 112 122
LKDS-00541.mhd 2 238 124 132
LKDS-00544.mhd 1 227 144 158
LKDS-00544.mhd 2 227 126 138
LKDS-00545.mhd 1 128 30 36
LKDS-00545.mhd 2 128 33 39
LKDS-00545.mhd 3 128 34 40
LKDS-00545.mhd 4 128 38 44
LKDS-00545.mhd 5 128 36 42
LKDS-00545.mhd 6 128 44 50
LKDS-00546.mhd 1 268 98 106
LKDS-00546.mhd 2 268 102 108
LKDS-00549.mhd 1 317 189 215
LKDS-00550.mhd 1 458 395 411
LKDS-00550.mhd 2 458 374 386
LKDS-00553.mhd 1 215 80 86
LKDS-00553.mhd 2 215 85 91
LKDS-00553.mhd 3 215 104 110
LKDS-00555.mhd 1 281 144 152
LKDS-00555.mhd 2 281 128 142
LKDS-00556.mhd 1 466 188 198
LKDS-00556.mhd 2 466 311 339
LKDS-00558.mhd 1 633 92 104
LKDS-00562.mhd 1 308 153 177
LKDS-00562.mhd 2 308 154 178
LKDS-00563.mhd 1 517 236 250
LKDS-00565.mhd 1 503 272 292
LKDS-00566.mhd 1 133 110 114
LKDS-00567.mhd 1 267 207 215
LKDS-00567.mhd 2 267 179 187
LKDS-00571.mhd 1 221 107 115
LKDS-00571.mhd 2 221 145 161
LKDS-00571.mhd 3 221 174 180
LKDS-00572.mhd 1 186 24 50
LKDS-00573.mhd 1 521 44 72
LKDS-00573.mhd 2 521 44 76
LKDS-00574.mhd 1 349 100 114
LKDS-00575.mhd 1 280 128 136
LKDS-00578.mhd 1 330 75 93
LKDS-00579.mhd 1 361 65 73
LKDS-00582.mhd 1 244 62 70
LKDS-00585.mhd 1 257 40 54
LKDS-00585.mhd 2 257 86 94
LKDS-00586.mhd 1 301 153 161
LKDS-00587.mhd 1 805 175 191
LKDS-00589.mhd 1 421 30 70
LKDS-00589.mhd 2 421 62 80
LKDS-00592.mhd 1 436 321 335
LKDS-00593.mhd 1 334 85 101
LKDS-00595.mhd 1 429 238 248
LKDS-00595.mhd 2 429 185 199
LKDS-00596.mhd 1 459 95 125
LKDS-00598.mhd 1 232 129 145
LKDS-00598.mhd 2 232 153 169
LKDS-00598.mhd 3 232 136 148
LKDS-00600.mhd 1 320 48 72
LKDS-00601.mhd 1 535 310 320
LKDS-00601.mhd 2 535 86 96
LKDS-00601.mhd 3 535 153 165
LKDS-00601.mhd 4 535 305 325
LKDS-00603.mhd 1 270 37 49
LKDS-00605.mhd 1 324 174 188
LKDS-00608.mhd 1 290 173 181
LKDS-00608.mhd 2 290 156 164
LKDS-00608.mhd 3 290 203 219
LKDS-00608.mhd 4 290 154 164
LKDS-00608.mhd 5 290 76 84
LKDS-00609.mhd 1 261 112 132
LKDS-00611.mhd 1 494 177 195
LKDS-00612.mhd 1 553 213 227
LKDS-00614.mhd 1 267 111 119
LKDS-00615.mhd 1 345 147 157
LKDS-00619.mhd 1 304 80 100
LKDS-00620.mhd 1 231 103 111
LKDS-00620.mhd 2 231 57 81
LKDS-00622.mhd 1 295 231 241
LKDS-00623.mhd 1 232 105 117
LKDS-00624.mhd 1 257 119 127
LKDS-00625.mhd 1 263 121 139
LKDS-00625.mhd 2 263 122 140
LKDS-00628.mhd 1 539 257 291
LKDS-00629.mhd 1 260 175 183
LKDS-00699.mhd 1 315 128 136
LKDS-00699.mhd 2 315 53 61
LKDS-00699.mhd 3 315 67 81
LKDS-00699.mhd 4 315 110 126
LKDS-00699.mhd 5 315 58 66
LKDS-00700.mhd 1 569 242 256
LKDS-00700.mhd 2 569 278 290
LKDS-00701.mhd 1 213 118 126
LKDS-00702.mhd 1 265 102 110
LKDS-00702.mhd 2 265 115 123
LKDS-00703.mhd 1 525 416 438
LKDS-00703.mhd 2 525 386 400
LKDS-00706.mhd 1 336 31 41
LKDS-00707.mhd 1 368 53 77
LKDS-00708.mhd 1 130 71 75
LKDS-00709.mhd 1 258 171 179
LKDS-00709.mhd 2 258 164 180
LKDS-00710.mhd 1 521 149 163
LKDS-00711.mhd 1 482 255 267
LKDS-00711.mhd 2 482 411 429
LKDS-00714.mhd 1 245 73 85
LKDS-00714.mhd 2 245 114 120
LKDS-00714.mhd 3 245 169 175
LKDS-00716.mhd 1 261 79 89
LKDS-00717.mhd 1 133 52 58
LKDS-00717.mhd 2 133 86 92
LKDS-00718.mhd 1 538 419 431
LKDS-00718.mhd 2 538 285 295
LKDS-00722.mhd 1 389 56 68
LKDS-00723.mhd 1 141 76 86
LKDS-00723.mhd 2 141 104 110
LKDS-00725.mhd 1 238 37 55
LKDS-00725.mhd 2 238 189 203
LKDS-00727.mhd 1 133 80 94
LKDS-00728.mhd 1 359 206 222
LKDS-00730.mhd 1 214 103 111
LKDS-00730.mhd 2 214 107 113
LKDS-00730.mhd 3 214 98 124
LKDS-00730.mhd 4 214 121 129
LKDS-00730.mhd 5 214 127 135
LKDS-00730.mhd 6 214 131 141
LKDS-00730.mhd 7 214 148 156
LKDS-00730.mhd 8 214 155 163
LKDS-00730.mhd 9 214 162 170
LKDS-00730.mhd 10 214 163 173
LKDS-00730.mhd 11 214 30 38
LKDS-00730.mhd 12 214 82 88
LKDS-00730.mhd 13 214 94 100
LKDS-00731.mhd 1 280 24 38
LKDS-00732.mhd 1 368 312 320
LKDS-00732.mhd 2 368 197 209
LKDS-00732.mhd 3 368 207 215
LKDS-00732.mhd 4 368 160 190
LKDS-00733.mhd 1 140 68 80
LKDS-00733.mhd 2 140 79 85
LKDS-00733.mhd 3 140 79 87
LKDS-00734.mhd 1 331 65 89
LKDS-00739.mhd 1 481 96 120
LKDS-00740.mhd 1 662 77 89
LKDS-00630.mhd 1 348 154 164
LKDS-00632.mhd 1 311 154 182
LKDS-00632.mhd 2 311 58 78
LKDS-00634.mhd 1 324 99 133
LKDS-00634.mhd 2 324 110 124
LKDS-00638.mhd 1 271 86 104
LKDS-00639.mhd 1 490 366 392
LKDS-00639.mhd 2 490 298 310
LKDS-00640.mhd 1 296 75 105
LKDS-00641.mhd 1 275 142 170
LKDS-00643.mhd 1 305 91 109
LKDS-00643.mhd 2 305 93 111
LKDS-00643.mhd 3 305 94 112
LKDS-00646.mhd 1 164 101 109
LKDS-00647.mhd 1 334 116 136
LKDS-00648.mhd 1 244 107 119
LKDS-00648.mhd 2 244 124 132
LKDS-00648.mhd 3 244 134 142
LKDS-00649.mhd 1 131 78 86
LKDS-00649.mhd 2 131 78 86
LKDS-00650.mhd 1 276 189 207
LKDS-00650.mhd 2 276 97 107
LKDS-00650.mhd 3 276 207 215
LKDS-00651.mhd 1 536 297 309
LKDS-00651.mhd 2 536 249 261
LKDS-00651.mhd 3 536 494 502
LKDS-00651.mhd 4 536 253 263
LKDS-00651.mhd 5 536 414 424
LKDS-00653.mhd 1 295 119 129
LKDS-00658.mhd 1 452 177 189
LKDS-00660.mhd 1 441 221 237
LKDS-00661.mhd 1 268 106 114
LKDS-00661.mhd 2 268 131 141
LKDS-00663.mhd 1 276 127 135
LKDS-00666.mhd 1 201 109 129
LKDS-00667.mhd 1 397 184 196
LKDS-00668.mhd 1 300 73 79
LKDS-00670.mhd 1 329 132 148
LKDS-00671.mhd 1 549 123 145
LKDS-00673.mhd 1 278 80 92
LKDS-00674.mhd 1 278 185 191
LKDS-00674.mhd 2 278 240 248
LKDS-00675.mhd 1 457 153 173
LKDS-00676.mhd 1 238 57 73
LKDS-00677.mhd 1 145 100 114
LKDS-00678.mhd 1 456 227 255
LKDS-00681.mhd 1 265 93 99
LKDS-00682.mhd 1 280 223 231
LKDS-00683.mhd 1 285 156 164
LKDS-00683.mhd 2 285 81 89
LKDS-00684.mhd 1 337 126 164
LKDS-00691.mhd 1 465 362 388
LKDS-00692.mhd 1 334 79 87
LKDS-00692.mhd 2 334 98 108
LKDS-00692.mhd 3 334 156 168
LKDS-00692.mhd 4 334 208 220
LKDS-00692.mhd 5 334 249 259
LKDS-00692.mhd 6 334 170 180
LKDS-00692.mhd 7 334 82 110
LKDS-00694.mhd 1 187 73 79
LKDS-00694.mhd 2 187 109 115
LKDS-00694.mhd 3 187 121 127
LKDS-00694.mhd 4 187 152 158
LKDS-00694.mhd 5 187 153 159
LKDS-00696.mhd 1 351 252 262
LKDS-00696.mhd 2 351 166 174
LKDS-00697.mhd 1 271 100 118
LKDS-00698.mhd 1 329 51 61
LKDS-00698.mhd 2 329 50 64
LKDS-00742.mhd 1 308 231 239
LKDS-00744.mhd 1 128 90 96
LKDS-00745.mhd 1 250 131 149
LKDS-00745.mhd 2 250 146 154
LKDS-00745.mhd 3 250 22 28
LKDS-00745.mhd 4 250 39 47
LKDS-00745.mhd 5 250 43 49
LKDS-00746.mhd 1 136 76 88
LKDS-00746.mhd 2 136 35 43
LKDS-00750.mhd 1 297 133 147
LKDS-00752.mhd 1 401 95 113
LKDS-00755.mhd 1 345 142 156
LKDS-00756.mhd 1 210 56 64
LKDS-00756.mhd 2 210 62 86
LKDS-00756.mhd 3 210 90 98
LKDS-00757.mhd 1 220 92 100
LKDS-00757.mhd 2 220 113 121
LKDS-00759.mhd 1 477 256 272
LKDS-00759.mhd 2 477 84 102
LKDS-00760.mhd 1 159 51 59
LKDS-00762.mhd 1 335 56 66
LKDS-00762.mhd 2 335 182 196
LKDS-00762.mhd 3 335 224 234
LKDS-00763.mhd 1 465 91 109
LKDS-00764.mhd 1 321 143 151
LKDS-00767.mhd 1 469 313 329
LKDS-00768.mhd 1 131 43 49
LKDS-00771.mhd 1 171 89 95
LKDS-00771.mhd 2 171 127 135
LKDS-00772.mhd 1 123 32 44
LKDS-00772.mhd 2 123 83 91
LKDS-00772.mhd 3 123 86 92
LKDS-00772.mhd 4 123 81 99
LKDS-00772.mhd 5 123 65 71
LKDS-00773.mhd 1 212 100 114
LKDS-00775.mhd 1 376 122 146
LKDS-00776.mhd 1 249 173 179
LKDS-00776.mhd 2 249 141 149
LKDS-00776.mhd 3 249 104 112
LKDS-00777.mhd 1 360 109 121
LKDS-00777.mhd 2 360 159 169
LKDS-00778.mhd 1 397 154 174
LKDS-00780.mhd 1 469 260 282
LKDS-00781.mhd 1 235 125 139
LKDS-00782.mhd 1 525 321 335
LKDS-00783.mhd 1 245 11 25
LKDS-00784.mhd 1 500 250 264
LKDS-00788.mhd 1 319 88 100
LKDS-00789.mhd 1 267 151 163
LKDS-00790.mhd 1 321 165 187
LKDS-00795.mhd 1 355 111 123
LKDS-00796.mhd 1 538 206 218
LKDS-00796.mhd 2 538 217 227
LKDS-00796.mhd 3 538 261 273
LKDS-00797.mhd 1 582 59 87
LKDS-00798.mhd 1 252 179 187
LKDS-00798.mhd 2 252 105 111
LKDS-00801.mhd 1 241 72 86
LKDS-00803.mhd 1 292 73 99
LKDS-00805.mhd 1 261 82 104
LKDS-00807.mhd 1 344 59 75
LKDS-00807.mhd 2 344 92 104
LKDS-00807.mhd 3 344 108 120
LKDS-00807.mhd 4 344 165 179
LKDS-00808.mhd 1 137 110 124
LKDS-00809.mhd 1 490 174 186
LKDS-00811.mhd 1 513 163 175
LKDS-00813.mhd 1 505 195 207
LKDS-00814.mhd 1 319 47 59
LKDS-00815.mhd 1 238 110 118
LKDS-00816.mhd 1 232 103 113
LKDS-00816.mhd 2 232 164 172
LKDS-00816.mhd 3 232 188 196
LKDS-00817.mhd 1 569 93 109
LKDS-00819.mhd 1 333 195 207
LKDS-00819.mhd 2 333 92 102
LKDS-00819.mhd 3 333 188 196
LKDS-00820.mhd 1 121 39 45
LKDS-00821.mhd 1 337 107 137
LKDS-00823.mhd 1 300 72 80
LKDS-00824.mhd 1 985 163 175
LKDS-00825.mhd 1 423 111 121
LKDS-00826.mhd 1 487 107 127
LKDS-00826.mhd 2 487 108 128
LKDS-00826.mhd 3 487 109 129
LKDS-00827.mhd 1 558 205 219
LKDS-00829.mhd 1 221 151 167
LKDS-00830.mhd 1 305 134 150
LKDS-00831.mhd 1 474 286 298
LKDS-00831.mhd 2 474 408 422
LKDS-00832.mhd 1 472 75 91
LKDS-00833.mhd 1 379 84 108
LKDS-00834.mhd 1 536 249 275
LKDS-00835.mhd 1 191 85 91
LKDS-00835.mhd 2 191 92 98
LKDS-00835.mhd 3 191 102 108
LKDS-00835.mhd 4 191 130 142
LKDS-00836.mhd 1 334 207 215
LKDS-00837.mhd 1 613 196 238
LKDS-00838.mhd 1 311 128 154
LKDS-00839.mhd 1 423 60 76
LKDS-00839.mhd 2 423 78 92
LKDS-00839.mhd 3 423 110 130
LKDS-00841.mhd 1 109 74 80
LKDS-00843.mhd 1 233 85 105
LKDS-00844.mhd 1 438 196 220
LKDS-00845.mhd 1 133 95 101
LKDS-00845.mhd 2 133 80 92
LKDS-00846.mhd 1 381 136 160
LKDS-00847.mhd 1 361 143 183
LKDS-00847.mhd 2 361 140 186
LKDS-00848.mhd 1 590 504 518
LKDS-00848.mhd 2 590 345 379
LKDS-00852.mhd 1 553 205 265
LKDS-00855.mhd 1 253 142 150
LKDS-00855.mhd 2 253 121 131
LKDS-00855.mhd 3 253 46 60
LKDS-00855.mhd 4 253 45 53
LKDS-00855.mhd 5 253 120 130
LKDS-00855.mhd 6 253 113 123
LKDS-00855.mhd 7 253 158 166
LKDS-00855.mhd 8 253 108 116
LKDS-00855.mhd 9 253 87 95
LKDS-00855.mhd 10 253 58 70
LKDS-00855.mhd 11 253 76 84
LKDS-00855.mhd 12 253 91 97
LKDS-00856.mhd 1 324 103 121
LKDS-00856.mhd 2 324 135 145
LKDS-00857.mhd 1 461 146 174
LKDS-00859.mhd 1 244 138 148
LKDS-00859.mhd 2 244 138 146
LKDS-00859.mhd 3 244 125 131
LKDS-00859.mhd 4 244 124 130
LKDS-00859.mhd 5 244 116 122
LKDS-00862.mhd 1 133 80 90
LKDS-00862.mhd 2 133 66 78
LKDS-00862.mhd 3 133 49 61
LKDS-00863.mhd 1 137 68 76
LKDS-00865.mhd 1 266 51 65
LKDS-00865.mhd 2 266 54 64
LKDS-00865.mhd 3 266 62 74
LKDS-00866.mhd 1 246 75 83
LKDS-00866.mhd 2 246 99 105
LKDS-00866.mhd 3 246 128 136
LKDS-00867.mhd 1 166 76 86
LKDS-00867.mhd 2 166 132 138
LKDS-00868.mhd 1 287 123 133
LKDS-00870.mhd 1 519 264 278
LKDS-00870.mhd 2 519 190 204
LKDS-00873.mhd 1 319 158 172
LKDS-00875.mhd 1 280 197 211
LKDS-00876.mhd 1 245 156 168
LKDS-00878.mhd 1 232 132 138
LKDS-00878.mhd 2 232 171 179
LKDS-00878.mhd 3 232 185 193
LKDS-00878.mhd 4 232 186 194
LKDS-00878.mhd 5 232 159 165
LKDS-00879.mhd 1 479 93 121
LKDS-00879.mhd 2 479 198 218
LKDS-00879.mhd 3 479 320 334
LKDS-00880.mhd 1 119 54 60
LKDS-00880.mhd 2 119 65 71
LKDS-00882.mhd 1 359 244 252
LKDS-00884.mhd 1 322 250 260
LKDS-00885.mhd 1 314 159 177
LKDS-00886.mhd 1 390 60 72
LKDS-00887.mhd 1 356 145 159
LKDS-00888.mhd 1 287 75 83
LKDS-00890.mhd 1 291 116 126
LKDS-00891.mhd 1 331 168 186
LKDS-00892.mhd 1 130 100 112
LKDS-00893.mhd 1 205 124 136
LKDS-00893.mhd 2 205 83 91
LKDS-00893.mhd 3 205 73 83
LKDS-00893.mhd 4 205 50 58
LKDS-00893.mhd 5 205 115 123
LKDS-00894.mhd 1 212 14 24
LKDS-00896.mhd 1 452 371 383
LKDS-00897.mhd 1 445 331 349
LKDS-00898.mhd 1 211 50 68
LKDS-00899.mhd 1 483 362 376
LKDS-00900.mhd 1 149 42 52
LKDS-00901.mhd 1 557 154 170
LKDS-00901.mhd 2 557 206 220
LKDS-00901.mhd 3 557 296 310
LKDS-00904.mhd 1 365 168 182
LKDS-00906.mhd 1 196 1 7
LKDS-00906.mhd 2 196 88 96
LKDS-00911.mhd 1 513 247 295
LKDS-00912.mhd 1 326 202 216
LKDS-00912.mhd 2 326 263 273
LKDS-00912.mhd 3 326 271 279
LKDS-00912.mhd 4 326 282 294
LKDS-00912.mhd 5 326 281 289
LKDS-00912.mhd 6 326 242 252
LKDS-00914.mhd 1 506 304 314
LKDS-00914.mhd 2 506 195 209
LKDS-00914.mhd 3 506 176 188
LKDS-00915.mhd 1 245 174 190
LKDS-00915.mhd 2 245 85 93
LKDS-00915.mhd 3 245 127 135
LKDS-00915.mhd 4 245 117 127
LKDS-00917.mhd 1 235 107 121
LKDS-00917.mhd 2 235 28 36
LKDS-00917.mhd 3 235 29 37
LKDS-00918.mhd 1 236 35 57
LKDS-00919.mhd 1 460 292 312
LKDS-00921.mhd 1 440 163 199
LKDS-00921.mhd 2 440 264 278
LKDS-00921.mhd 3 440 289 301
LKDS-00923.mhd 1 270 136 160
LKDS-00924.mhd 1 338 139 149
LKDS-00924.mhd 2 338 278 286
LKDS-00930.mhd 1 279 58 72
LKDS-00931.mhd 1 197 95 105
LKDS-00931.mhd 2 197 147 157
LKDS-00931.mhd 3 197 154 166
LKDS-00931.mhd 4 197 53 63
LKDS-00933.mhd 1 263 61 81
LKDS-00933.mhd 2 263 66 78
LKDS-00935.mhd 1 300 42 62
LKDS-00936.mhd 1 324 111 121
LKDS-00937.mhd 1 218 20 28
LKDS-00937.mhd 2 218 33 55
LKDS-00937.mhd 3 218 53 65
LKDS-00939.mhd 1 157 85 91
LKDS-00941.mhd 1 385 91 109
LKDS-00942.mhd 1 250 47 55
LKDS-00942.mhd 2 250 46 56
LKDS-00942.mhd 3 250 67 75
LKDS-00944.mhd 1 125 52 58
LKDS-00945.mhd 1 133 96 102
LKDS-00946.mhd 1 331 194 204
LKDS-00948.mhd 1 406 157 171
LKDS-00949.mhd 1 225 185 193
LKDS-00950.mhd 1 247 49 63
LKDS-00950.mhd 2 247 50 64
LKDS-00951.mhd 1 308 136 156
LKDS-00953.mhd 1 309 81 97
LKDS-00954.mhd 1 147 102 108
LKDS-00954.mhd 2 147 93 99
LKDS-00956.mhd 1 275 148 168
LKDS-00957.mhd 1 469 127 145
LKDS-00961.mhd 1 339 118 136
LKDS-00962.mhd 1 535 400 412
LKDS-00964.mhd 1 141 69 77
LKDS-00964.mhd 2 141 76 84
LKDS-00964.mhd 3 141 92 98
LKDS-00964.mhd 4 141 104 110
LKDS-00964.mhd 5 141 123 133
LKDS-00968.mhd 1 446 291 321
LKDS-00969.mhd 1 529 97 111
LKDS-00970.mhd 1 113 52 58
LKDS-00973.mhd 1 346 138 170
LKDS-00976.mhd 1 265 89 97
LKDS-00976.mhd 2 265 62 70
LKDS-00976.mhd 3 265 137 145
LKDS-00976.mhd 4 265 154 162
LKDS-00979.mhd 1 441 136 158
LKDS-00981.mhd 1 238 157 165
LKDS-00982.mhd 1 569 218 232
LKDS-00983.mhd 1 310 70 92
LKDS-00984.mhd 1 441 188 210
LKDS-00985.mhd 1 310 39 47
LKDS-00989.mhd 1 294 115 129
LKDS-00990.mhd 1 392 262 274
LKDS-00990.mhd 2 392 89 103
LKDS-00991.mhd 1 133 20 26
LKDS-00991.mhd 2 133 19 25
LKDS-00991.mhd 3 133 61 67
LKDS-00991.mhd 4 133 62 70
LKDS-00994.mhd 1 133 96 102
LKDS-00995.mhd 1 464 83 115
LKDS-00996.mhd 1 133 84 92
LKDS-00996.mhd 2 133 81 89
LKDS-00997.mhd 1 205 31 55
LKDS-00998.mhd 1 241 195 213
LKDS-01000.mhd 1 551 320 332
