LKDS-00001.mhd-1 1 162.0 195.0 144.0
LKDS-00003.mhd-1 2 165.0 163.0 289.0
LKDS-00003.mhd-2 2 151.0 287.0 293.0
LKDS-00004.mhd-1 1 155.0 324.0 144.0
LKDS-00005.mhd-1 1 35.0 249.0 149.0
LKDS-00007.mhd-1 0 205.0 355.0 91.0
LKDS-00011.mhd-1 1 354.0 396.0 137.0
LKDS-00013.mhd-1 1 218.0 325.0 131.0
LKDS-00015.mhd-1 0 198.0 355.0 28.0
LKDS-00016.mhd-1 1 111.0 214.0 134.0
LKDS-00016.mhd-2 1 425.0 248.0 198.0
LKDS-00016.mhd-3 1 400.0 267.0 229.0
LKDS-00019.mhd-1 0 163.0 119.0 99.0
LKDS-00019.mhd-2 1 351.0 235.0 211.0
LKDS-00020.mhd-1 0 357.0 317.0 106.0
LKDS-00020.mhd-2 0 167.0 160.0 111.0
LKDS-00020.mhd-3 0 118.0 346.0 116.0
LKDS-00020.mhd-4 1 88.0 288.0 133.0
LKDS-00020.mhd-5 1 113.0 172.0 145.0
LKDS-00020.mhd-6 1 433.0 332.0 168.0
LKDS-00020.mhd-7 0 147.0 272.0 39.0
LKDS-00020.mhd-8 0 413.0 257.0 82.0
LKDS-00020.mhd-9 0 375.0 247.0 84.0
LKDS-00020.mhd-10 0 391.0 218.0 88.0
LKDS-00020.mhd-11 0 125.0 227.0 90.0
LKDS-00021.mhd-1 2 104.0 318.0 304.0
LKDS-00023.mhd-1 1 89.0 312.0 142.0
LKDS-00023.mhd-2 1 357.0 354.0 153.0
LKDS-00025.mhd-1 0 111.0 284.0 79.0
LKDS-00026.mhd-1 1 412.0 130.0 192.0
LKDS-00026.mhd-2 2 427.0 313.0 289.0
LKDS-00028.mhd-1 0 59.0 294.0 94.0
LKDS-00029.mhd-1 1 427.0 317.0 170.0
LKDS-00030.mhd-1 1 161.0 164.0 141.0
LKDS-00034.mhd-1 0 113.0 170.0 119.0
LKDS-00035.mhd-1 0 360.0 224.0 55.0
LKDS-00035.mhd-2 0 361.0 224.0 56.0
LKDS-00036.mhd-1 1 94.0 176.0 186.0
LKDS-00038.mhd-1 1 430.0 152.0 159.0
LKDS-00039.mhd-1 0 348.0 232.0 84.0
LKDS-00039.mhd-2 1 158.0 309.0 229.0
LKDS-00040.mhd-1 1 376.0 319.0 165.0
LKDS-00041.mhd-1 1 181.0 319.0 148.0
LKDS-00042.mhd-1 2 410.0 215.0 281.0
LKDS-00043.mhd-1 0 172.0 326.0 94.0
LKDS-00044.mhd-1 1 286.0 302.0 214.0
LKDS-00047.mhd-1 0 111.0 281.0 92.0
LKDS-00047.mhd-2 0 92.0 244.0 98.0
LKDS-00050.mhd-1 1 381.0 381.0 226.0
LKDS-00051.mhd-1 1 146.0 306.0 207.0
LKDS-00052.mhd-1 0 -165.0 -166.0 89.0
LKDS-00052.mhd-2 1 -350.0 -214.0 169.0
LKDS-00052.mhd-3 1 -376.0 -289.0 158.0
LKDS-00052.mhd-4 1 -334.0 -207.0 144.0
LKDS-00052.mhd-5 0 -314.0 -206.0 98.0
LKDS-00052.mhd-6 0 -386.0 -257.0 76.0
LKDS-00053.mhd-1 0 375.0 298.0 111.0
LKDS-00054.mhd-1 0 91.0 176.0 85.0
LKDS-00054.mhd-2 0 378.0 364.0 78.0
LKDS-00054.mhd-3 0 90.0 275.0 77.0
LKDS-00054.mhd-4 0 443.0 250.0 62.0
LKDS-00054.mhd-5 0 402.0 166.0 55.0
LKDS-00058.mhd-1 1 125.0 198.0 202.0
LKDS-00061.mhd-1 1 341.0 349.0 237.0
LKDS-00062.mhd-1 0 91.0 194.0 66.0
LKDS-00062.mhd-2 0 386.0 213.0 60.0
LKDS-00064.mhd-1 3 226.0 316.0 391.0
LKDS-00064.mhd-2 3 221.0 298.0 440.0
LKDS-00065.mhd-1 1 326.0 173.0 184.0
LKDS-00065.mhd-2 1 326.0 174.0 185.0
LKDS-00066.mhd-1 1 397.0 227.0 200.0
LKDS-00068.mhd-1 1 62.0 306.0 239.0
LKDS-00073.mhd-1 1 112.0 363.0 185.0
LKDS-00074.mhd-1 1 203.0 316.0 223.0
LKDS-00075.mhd-1 0 351.0 338.0 76.0
LKDS-00076.mhd-1 0 369.0 313.0 71.0
LKDS-00077.mhd-1 2 368.0 322.0 257.0
LKDS-00078.mhd-1 0 119.0 242.0 124.0
LKDS-00078.mhd-2 0 119.0 261.0 127.0
LKDS-00078.mhd-3 1 144.0 274.0 137.0
LKDS-00078.mhd-4 1 422.0 367.0 224.0
LKDS-00079.mhd-1 0 150.0 276.0 58.0
LKDS-00081.mhd-1 0 368.0 281.0 125.0
LKDS-00083.mhd-1 0 202.0 332.0 111.0
LKDS-00084.mhd-1 1 391.0 378.0 187.0
LKDS-00084.mhd-2 1 388.0 377.0 158.0
LKDS-00085.mhd-1 1 196.0 338.0 138.0
LKDS-00085.mhd-2 1 103.0 325.0 149.0
LKDS-00088.mhd-1 0 160.0 310.0 93.0
LKDS-00089.mhd-1 0 152.0 202.0 83.0
LKDS-00090.mhd-1 0 146.0 234.0 68.0
LKDS-00091.mhd-1 2 405.0 323.0 289.0
LKDS-00092.mhd-1 1 182.0 321.0 148.0
LKDS-00093.mhd-1 0 318.0 295.0 83.0
LKDS-00093.mhd-2 1 128.0 263.0 143.0
LKDS-00095.mhd-1 0 370.0 237.0 116.0
LKDS-00096.mhd-1 0 163.0 279.0 120.0
LKDS-00096.mhd-2 2 419.0 315.0 257.0
LKDS-00096.mhd-3 2 161.0 276.0 281.0
LKDS-00099.mhd-1 0 147.0 307.0 81.0
LKDS-00100.mhd-1 1 155.0 141.0 214.0
LKDS-00101.mhd-1 0 344.0 285.0 37.0
LKDS-00102.mhd-1 1 164.0 202.0 194.0
LKDS-00104.mhd-1 0 445.0 271.0 58.0
LKDS-00104.mhd-2 0 91.0 289.0 73.0
LKDS-00105.mhd-1 0 205.0 249.0 84.0
LKDS-00107.mhd-1 0 317.0 285.0 87.0
LKDS-00108.mhd-1 0 334.0 266.0 92.0
LKDS-00109.mhd-1 0 129.0 266.0 67.0
LKDS-00110.mhd-1 0 161.0 258.0 119.0
LKDS-00111.mhd-1 1 203.0 319.0 250.0
LKDS-00112.mhd-1 0 453.0 273.0 45.0
LKDS-00112.mhd-2 0 463.0 245.0 71.0
LKDS-00114.mhd-1 0 107.0 338.0 57.0
LKDS-00114.mhd-2 0 290.0 283.0 111.0
LKDS-00116.mhd-1 0 57.0 285.0 60.0
LKDS-00117.mhd-1 2 120.0 272.0 294.0
LKDS-00118.mhd-1 1 413.0 298.0 174.0
LKDS-00118.mhd-2 2 136.0 191.0 333.0
LKDS-00119.mhd-1 0 191.0 408.0 109.0
LKDS-00120.mhd-1 1 351.0 367.0 175.0
LKDS-00122.mhd-1 1 112.0 337.0 147.0
LKDS-00126.mhd-1 0 345.0 305.0 83.0
LKDS-00127.mhd-1 2 411.0 259.0 380.0
LKDS-00129.mhd-1 1 88.0 219.0 161.0
LKDS-00129.mhd-2 1 104.0 263.0 169.0
LKDS-00129.mhd-3 1 147.0 340.0 235.0
LKDS-00133.mhd-1 1 306.0 355.0 153.0
LKDS-00134.mhd-1 0 364.0 134.0 52.0
LKDS-00134.mhd-2 0 167.0 167.0 72.0
LKDS-00134.mhd-3 0 353.0 272.0 84.0
LKDS-00135.mhd-1 1 386.0 320.0 188.0
LKDS-00135.mhd-2 1 360.0 300.0 206.0
LKDS-00135.mhd-3 1 343.0 360.0 237.0
LKDS-00136.mhd-1 2 398.0 146.0 290.0
LKDS-00137.mhd-1 3 67.0 238.0 497.0
LKDS-00137.mhd-2 3 66.0 238.0 498.0
LKDS-00140.mhd-1 1 155.0 255.0 190.0
LKDS-00142.mhd-1 0 345.0 316.0 41.0
LKDS-00144.mhd-1 0 142.0 315.0 103.0
LKDS-00147.mhd-1 2 382.0 302.0 262.0
LKDS-00149.mhd-1 1 134.0 222.0 184.0
LKDS-00150.mhd-1 0 317.0 340.0 58.0
LKDS-00151.mhd-1 1 166.0 296.0 200.0
LKDS-00152.mhd-1 0 303.0 314.0 52.0
LKDS-00152.mhd-2 0 164.0 294.0 126.0
LKDS-00154.mhd-1 0 184.0 374.0 43.0
LKDS-00154.mhd-2 0 308.0 329.0 55.0
LKDS-00156.mhd-1 0 133.0 384.0 60.0
LKDS-00160.mhd-1 0 419.0 184.0 82.0
LKDS-00160.mhd-2 0 85.0 198.0 71.0
LKDS-00160.mhd-3 0 157.0 136.0 45.0
LKDS-00160.mhd-4 0 179.0 370.0 52.0
LKDS-00160.mhd-5 0 156.0 261.0 63.0
LKDS-00162.mhd-1 0 162.0 334.0 113.0
LKDS-00165.mhd-1 1 130.0 181.0 165.0
LKDS-00168.mhd-1 2 147.0 279.0 302.0
LKDS-00169.mhd-1 1 162.0 203.0 133.0
LKDS-00171.mhd-1 0 390.0 320.0 111.0
LKDS-00173.mhd-1 2 131.0 289.0 307.0
LKDS-00173.mhd-2 2 158.0 323.0 278.0
LKDS-00175.mhd-1 0 204.0 365.0 97.0
LKDS-00176.mhd-1 0 452.0 199.0 55.0
LKDS-00178.mhd-1 1 167.0 373.0 227.0
LKDS-00178.mhd-2 1 119.0 223.0 242.0
LKDS-00180.mhd-1 1 383.0 231.0 219.0
LKDS-00181.mhd-1 1 408.0 292.0 218.0
LKDS-00183.mhd-1 0 353.0 286.0 33.0
LKDS-00184.mhd-1 1 180.0 341.0 165.0
LKDS-00185.mhd-1 0 310.0 266.0 80.0
LKDS-00187.mhd-1 0 165.0 309.0 79.0
LKDS-00188.mhd-1 0 154.0 328.0 93.0
LKDS-00189.mhd-1 2 399.0 284.0 276.0
LKDS-00191.mhd-1 0 163.0 340.0 43.0
LKDS-00192.mhd-1 0 309.0 292.0 71.0
LKDS-00193.mhd-1 1 363.0 299.0 144.0
LKDS-00194.mhd-1 0 408.0 304.0 123.0
LKDS-00195.mhd-1 1 126.0 279.0 227.0
LKDS-00196.mhd-1 1 157.0 141.0 167.0
LKDS-00198.mhd-1 0 318.0 242.0 47.0
LKDS-00200.mhd-1 0 411.0 261.0 101.0
LKDS-00200.mhd-2 0 322.0 320.0 69.0
LKDS-00203.mhd-1 1 412.0 218.0 183.0
LKDS-00204.mhd-1 0 354.0 247.0 89.0
LKDS-00207.mhd-1 2 409.0 158.0 332.0
LKDS-00212.mhd-1 3 105.0 308.0 417.0
LKDS-00213.mhd-1 0 351.0 252.0 76.0
LKDS-00214.mhd-1 4 366.0 264.0 525.0
LKDS-00216.mhd-1 0 137.0 225.0 117.0
LKDS-00217.mhd-1 0 148.0 205.0 112.0
LKDS-00218.mhd-1 0 318.0 309.0 106.0
LKDS-00219.mhd-1 0 128.0 199.0 108.0
LKDS-00219.mhd-2 0 172.0 298.0 67.0
LKDS-00220.mhd-1 1 149.0 143.0 215.0
LKDS-00223.mhd-1 0 178.0 267.0 48.0
LKDS-00223.mhd-2 0 288.0 366.0 78.0
LKDS-00223.mhd-3 0 301.0 348.0 42.0
LKDS-00225.mhd-1 0 120.0 179.0 111.0
LKDS-00227.mhd-1 0 442.0 371.0 91.0
LKDS-00229.mhd-1 2 97.0 207.0 303.0
LKDS-00230.mhd-1 0 179.0 292.0 88.0
LKDS-00232.mhd-1 0 378.0 174.0 76.0
LKDS-00235.mhd-1 2 112.0 307.0 289.0
LKDS-00235.mhd-2 2 201.0 192.0 339.0
LKDS-00236.mhd-1 1 140.0 328.0 158.0
LKDS-00237.mhd-1 0 341.0 328.0 108.0
LKDS-00238.mhd-1 2 152.0 249.0 354.0
LKDS-00240.mhd-1 0 102.0 260.0 106.0
LKDS-00242.mhd-1 1 208.0 238.0 199.0
LKDS-00242.mhd-2 0 176.0 311.0 81.0
LKDS-00244.mhd-1 0 168.0 246.0 79.0
LKDS-00246.mhd-1 1 128.0 177.0 215.0
LKDS-00247.mhd-1 0 127.0 229.0 119.0
LKDS-00249.mhd-1 1 348.0 286.0 129.0
LKDS-00253.mhd-1 1 363.0 160.0 248.0
LKDS-00254.mhd-1 1 387.0 196.0 149.0
LKDS-00254.mhd-2 1 388.0 196.0 150.0
LKDS-00254.mhd-3 1 103.0 269.0 184.0
LKDS-00256.mhd-1 1 120.0 285.0 142.0
LKDS-00256.mhd-2 1 283.0 292.0 139.0
LKDS-00257.mhd-1 1 354.0 314.0 255.0
LKDS-00257.mhd-2 2 117.0 225.0 291.0
LKDS-00260.mhd-1 1 397.0 353.0 157.0
LKDS-00261.mhd-1 1 353.0 262.0 238.0
LKDS-00261.mhd-2 1 351.0 332.0 251.0
LKDS-00261.mhd-3 1 337.0 325.0 253.0
LKDS-00263.mhd-1 1 363.0 300.0 254.0
LKDS-00264.mhd-1 1 121.0 345.0 210.0
LKDS-00267.mhd-1 2 127.0 192.0 301.0
LKDS-00269.mhd-1 0 372.0 318.0 99.0
LKDS-00270.mhd-1 1 79.0 350.0 233.0
LKDS-00272.mhd-1 2 371.0 209.0 288.0
LKDS-00273.mhd-1 0 329.0 282.0 42.0
LKDS-00275.mhd-1 0 226.0 281.0 76.0
LKDS-00275.mhd-2 1 336.0 310.0 183.0
LKDS-00277.mhd-1 0 311.0 281.0 40.0
LKDS-00278.mhd-1 1 422.0 290.0 183.0
LKDS-00278.mhd-2 1 421.0 290.0 184.0
LKDS-00279.mhd-1 0 210.0 325.0 24.0
LKDS-00279.mhd-2 2 336.0 364.0 288.0
LKDS-00280.mhd-1 2 126.0 299.0 260.0
LKDS-00280.mhd-2 2 188.0 328.0 305.0
LKDS-00280.mhd-3 2 159.0 219.0 356.0
LKDS-00281.mhd-1 0 136.0 291.0 84.0
LKDS-00283.mhd-1 1 130.0 180.0 228.0
LKDS-00283.mhd-2 1 196.0 179.0 216.0
LKDS-00283.mhd-3 2 140.0 216.0 263.0
LKDS-00283.mhd-4 1 418.0 363.0 204.0
LKDS-00283.mhd-5 1 109.0 398.0 196.0
LKDS-00284.mhd-1 0 355.0 214.0 98.0
LKDS-00286.mhd-1 1 154.0 260.0 175.0
LKDS-00287.mhd-1 2 338.0 360.0 267.0
LKDS-00289.mhd-1 0 357.0 282.0 77.0
LKDS-00289.mhd-2 0 291.0 365.0 83.0
LKDS-00289.mhd-3 0 329.0 263.0 91.0
LKDS-00289.mhd-4 0 297.0 237.0 108.0
LKDS-00290.mhd-1 0 190.0 234.0 111.0
LKDS-00290.mhd-2 0 364.0 321.0 114.0
LKDS-00290.mhd-3 0 97.0 280.0 118.0
LKDS-00290.mhd-4 0 125.0 324.0 123.0
LKDS-00290.mhd-5 0 153.0 280.0 46.0
LKDS-00290.mhd-6 0 193.0 341.0 57.0
LKDS-00290.mhd-7 0 155.0 238.0 76.0
LKDS-00291.mhd-1 2 386.0 356.0 315.0
LKDS-00292.mhd-1 0 412.0 241.0 36.0
LKDS-00292.mhd-2 0 197.0 173.0 47.0
LKDS-00293.mhd-1 0 361.0 145.0 64.0
LKDS-00293.mhd-2 0 118.0 227.0 67.0
LKDS-00293.mhd-3 0 178.0 365.0 68.0
LKDS-00293.mhd-4 0 337.0 145.0 69.0
LKDS-00293.mhd-5 0 170.0 201.0 72.0
LKDS-00293.mhd-6 0 342.0 368.0 67.0
LKDS-00293.mhd-7 0 326.0 362.0 66.0
LKDS-00293.mhd-8 0 361.0 169.0 69.0
LKDS-00294.mhd-1 1 397.0 288.0 135.0
LKDS-00294.mhd-2 0 160.0 275.0 82.0
LKDS-00295.mhd-1 0 324.0 386.0 89.0
LKDS-00296.mhd-1 0 129.0 275.0 98.0
LKDS-00297.mhd-1 1 295.0 346.0 177.0
LKDS-00299.mhd-1 1 -331.0 -192.0 172.0
LKDS-00301.mhd-1 1 360.0 200.0 134.0
LKDS-00302.mhd-1 3 187.0 299.0 410.0
LKDS-00303.mhd-1 0 170.0 338.0 117.0
LKDS-00304.mhd-1 1 168.0 310.0 165.0
LKDS-00304.mhd-2 2 439.0 267.0 302.0
LKDS-00306.mhd-1 0 196.0 340.0 60.0
LKDS-00306.mhd-2 0 360.0 338.0 94.0
LKDS-00307.mhd-1 0 337.0 349.0 107.0
LKDS-00307.mhd-2 1 377.0 291.0 213.0
LKDS-00312.mhd-1 2 152.0 363.0 382.0
LKDS-00312.mhd-2 3 361.0 239.0 421.0
LKDS-00312.mhd-3 1 455.0 264.0 201.0
LKDS-00314.mhd-1 1 124.0 130.0 236.0
LKDS-00315.mhd-1 1 359.0 325.0 242.0
LKDS-00319.mhd-1 0 139.0 305.0 66.0
LKDS-00320.mhd-1 1 274.0 293.0 226.0
LKDS-00321.mhd-1 1 206.0 315.0 179.0
LKDS-00323.mhd-1 1 126.0 175.0 141.0
LKDS-00325.mhd-1 0 348.0 359.0 89.0
LKDS-00326.mhd-1 0 179.0 358.0 54.0
LKDS-00326.mhd-2 0 142.0 365.0 116.0
LKDS-00331.mhd-1 0 202.0 300.0 36.0
LKDS-00333.mhd-1 0 177.0 130.0 66.0
LKDS-00333.mhd-2 0 400.0 169.0 97.0
